0.5537780976082333
0.292637404207598
0.4456423459799126
0.9040610736956174
0.8146011111985114
0.43805238644518063
0.22522017828916385
0.7279468346750066
0.6908183313199244
0.6481149399556035
0.6668617883223545
0.36554701344475515
0.19835067154796793
0.5229679677028481
0.24624886709087712
0.018416789332147854
0.0906337522229691
0.18277864501692898
0.8147029326648676
0.8280668949209113
0.9193696586012835
0.7572255308771253
0.45510645120301696
0.3540417944189296
0.6931726066238884
0.7554283743010969
0.9640057095427323
0.7102802705312976
0.22572788179426728
0.8783690098456444
0.4263811787388795
0.6407538192522149
0.24349822369546048
0.47708876998519956
0.5286445150657506
0.8100889742026488
0.9639759496173235
0.9638298985060104
0.53640626825297
0.873511257243442
0.8668821098803469
0.03114403371505836
0.3382471472529869
0.6975607011047041
0.7199214950019185
0.512842751059623
0.07281828859862471
0.9472639373105851
0.6559798107927958
0.012518149146789281
0.2009342084830985
0.8270491159444759
0.31277087064065856
0.8323089186656771
0.3301697909300445
0.49578818866962937
0.06861662227325704
0.6092139270464716
0.693208611108036
0.22005156151544236
0.2691666643409313
0.48669087178782144
0.06038178089610269
0.8219207863237941
0.4803060459872244
0.239653057052422
0.30103833494910825
0.9954516968482984
0.011589769768685088
0.35045854833258694
0.7217453807769805
0.4159870779948811
0.4563687867887104
0.27251321441560583
0.9840117190447505
0.5955132159947325
0.08196930526119361
0.5679184904850623
0.38356320931385324
0.9435839447441734
0.2946970667197808
0.7791409211333264
0.050888857226380924
0.7077436942471361
0.2571024326047925
0.5393159935460686
0.579908058528085
0.1647721172950204
0.5029700201577095
0.5026811216023952
0.2807564523951106
0.8045577381528194
0.10966102881756035
0.7644292438168069
0.33534287063509405
0.7799795229517711
0.5979290088287763
0.0764824684738864
0.029159037013096745
0.14978482297060958
0.0241203975228661
0.4169481133802444
0.7048041127277931
0.6006377857925687
0.2667706560541575
0.42058874138642277
0.09545927023714251
0.682156291754974
0.48896913909873563
0.4202623379966465
0.6626638265687036
0.6730997339663095
0.5146834482449121
0.19893727750829637
0.7990181386848821
0.83655710563564
0.1608042794160971
0.5660926823780366
0.8904649511154955
0.8788711584715496
0.97629489784819
0.3880301737571561
0.9504596781904695
0.8186859816991102
0.061855560186032665
0.010715371933032514
0.454796356582844
0.21498933501288398
0.5160481207142419
0.5894680421084609
0.3469143759942328
0.29252410268651674
0.14602713121597521
0.7847868616971921
0.42662835115417497
0.3240054802220125
0.9186178923546093
0.852365409351135
0.8094790534020506
0.6159166131197825
0.7462608359392617
0.8998922147110909
0.6249355441925541
0.5077447900546669
0.6569758293892944
0.6942490896662248
0.093964088945652
0.8717308462000767
0.10301667735240405
0.26499967790399415
0.3568997876413236
0.3190228620017448
0.6953453158759714
0.7272819594284734
0.27031825076274074
0.3834134666503589
0.0720698547976324
0.5444487646749
0.915711180922373
0.7092972627527042
0.016900427437159582
0.8090774334857445
0.7396591161670434
0.9227528757124364
0.25880149477341974
0.8616471055480988
0.5791035119649226
0.6353810604334639
0.998848282745658
0.9489620096570502
0.3354008018398701
0.025632082904140097
0.14059898649597768
0.8057083637190714
0.18051240337007857
0.7102523426793195
0.07247788236710018
0.10915700304789178
0.28237989032522093
0.07179999047060304
0.22279887036946122
0.44927308167172664
0.9919903261578672
0.3295727711261517
0.07108606808891305
0.8412103190397061
0.1530463843876121
0.10379955118616113
0.004842244708519683
0.15791742894217775
0.6167729316430086
0.6944976123991754
0.1704940673614933
0.4881516206547455
0.62193534625642
0.202723466784257
0.6851196227938892
0.6859472564158146
0.526693308608667
0.7547050876391489
0.44947971980360446
0.799700713919164
0.9777519729670123
0.02098042587873905
0.6959354942548718
0.19892285884158978
0.5217808813433609
0.8924117623676894
0.22470308122682536
0.9387734158722316
0.6238054582834399
0.33299141369119434
0.4038752418206636
0.27557115232669716
0.19636677697575178
0.06605494983975446
0.4719748707154573
0.24299725091585422
0.8749291300863907
0.1394564476430188
0.9900351851824652
0.5008638898853734
0.5565342951700029
0.6648453256082824
0.3898799591673602
0.5264837850819818
0.09588898786805289
0.7296705312627544
0.8566728829769377
0.19039827324614245
0.3917137202161084
0.831092880078748
0.7861991793235018
0.3352607228301797
0.7437930485771237
0.049960914879971785
0.20564589315313586
0.6997770540012028
0.8526849978637869
0.9727087768004565
0.2797932605607236
0.2700366855255416
0.573372126003195
0.8763789219045657
0.6504684032840473
0.3130071382827433
0.9133203155258562
0.9880638501219535
0.07311437687276245
0.4974940173933141
0.38466978367002413
0.8379417041230736
0.12437867693278137
0.5023662822894941
0.9836005377541784
0.7487513176285869
0.7633472422192221
0.5643283925034476
0.8743865213222787
0.32561795890861844
0.4104451441253254
0.4721683864079813
0.23976410695328876
0.2976381847052726
0.23310960082737497
0.31639518959519675
0.7802606268597552
0.5488916365404465
0.08749551455372828
0.5182926436775587
0.37472371123823955
0.8865293189169904
0.9480184108281839
0.8906454093698415
0.14173143917517395
0.28863853043539545
0.5411485992059808
0.6217081607632821
0.7963641673665739
0.38990202283146047
0.8892454389298728
0.17994009996221527
0.24906993169381308
0.2854177012485428
0.28842713056156144
0.9506706375252095
0.6339338103569498
0.17402475138568319
0.22458743939357684
0.1980246237454557
0.08242070863145323
0.6010132349528498
0.989230223864525
0.8527171516085347
0.3372577273917986
0.24033722294512128
0.8445887529788145
0.9099284617595798
0.06612596474995402
0.015192631585764227
0.07451645962843434
0.34970397374630136
0.36538182228159866
0.2729919298696555
0.15799073577539802
0.38861239331067
0.8573681079354718
0.15519768670846967
0.19420505692391332
0.38962311153199025
0.9078138005315377
0.8935815023889697
0.3339393971785244
0.1453763779498528
0.0660084775727603
0.5980349756949636
0.5401532388347483
0.44069917628183697
0.9308271018478081
0.036964658108581516
0.34544610128432596
0.684318217330698
0.18148334722711978
0.19805348846805482
0.8528649564215157
0.1698305998656945
0.9555765728777306
0.2909801272700796
0.9047684258088051
0.619852646533689
0.46132447372545815
0.49252980260268353
0.04933916875498967
0.6806601279465532
0.41852205381077046
0.5692806338520137
0.9234576716168302
0.055678718201092936
0.8188253305759416
0.41626531355425056
0.30101357833131226
0.8254549041990348
0.9358231371871968
0.8552251548594647
0.15870409237380145
0.02831944642102624
0.3164463640013916
0.6213721555770799
0.9451713317933385
0.5422082972180168
0.5431878263351997
0.3181326245323832
0.33316132119417996
0.770823717926753
0.7079132476766594
0.3010894672287564
0.6942396879269175
0.14027630011456804
0.007975252036370062
0.36250730106179807
0.6708292474197017
0.40255680842578867
0.7198815618986749
0.713364028620012
0.7586507239291341
0.48388479891477143
0.9192153136541283
0.824233189903118
0.814877090069561
0.28678491260271644
0.11300206094162402
0.09954642611875364
0.04913603788300136
0.3576331627426853
0.9077904062160799
0.28119577180561284
0.688480049856135
0.5435234809275021
0.511329828691251
0.5574503186076255
0.41396906232889497
0.598868252520669
0.7936594029442414
0.26364415239478756
0.5130546557284035
0.5279078007044886
0.6781438268145867
0.5796696314485954
0.5746731399731215
0.12859198991817544
0.4891914621167026
0.29359870406253785
0.2058717179321219
0.9803760915882402
0.7244598531420403
0.17327569427746137
0.5556603581115248
0.03380669512087586
0.5995937389260697
0.006531233826516325
0.03575587763278276
0.5799643177061182
0.22986339679386958
0.9314277594824623
0.8179030769140193
0.011596980204073293
0.7830016770147651
0.801086286007101
0.7840219280928413
0.16632962205066515
0.5459869465324311
0.23626743379693704
0.5295917871618742
0.7762573720050501
0.9067370062117754
0.23457057718355168
0.12647614897046466
0.44288701882694625
0.19469611751108074
0.8687834335306158
0.610811193469004
0.087294038077114
0.3555986949042219
0.650717719858218
0.18977152145881815
0.23032583868290502
0.37012396657476554
0.7808494655527294
0.07501425380554372
0.48506605328524954
0.19596408477822636
0.10073327022523904
0.9873373757074563
0.22861199553723377
0.8142280498238508
0.7998364983020583
0.2963043631779684
0.6275096907334071
0.8552283279671682
0.7346512809229023
0.7967115369103367
0.138097342591183
0.06530972816188041
0.6130562961515982
0.01939746943965026
0.49630892344105526
0.4646634960261906
0.05179710618890687
0.9994661190677441
0.36269603567701403
0.5068278039534593
0.7077783345701084
0.08679557307998542
0.5072388472712585
0.8280179314349383
0.29689183935914465
0.6055325086872657
0.9961900199269222
0.7152386856204487
0.9867385240814388
0.04350476030768835
0.10933625246633694
0.828601303572008
0.12769162603576578
0.49259095045936363
0.20059389128665983
0.10706466489670308
0.4756247030393538
0.8499983885439517
0.8961859661858739
0.3871615189446258
0.5673363695419583
0.4762443182606563
0.5220901050549644
0.09767969663338982
0.3619933378652511
0.43073607332265684
0.38412216002841193
0.271778207023025
0.6052884892143048
0.8641498738633439
0.2494351613332254
0.6291198316568011
0.1500602188416167
0.44549510921519964
0.8896897424509806
0.720636439134055
0.7683506871508665
0.10150129986012735
0.14556658864367056
0.9417116034829137
0.9799896061768862
0.12271252932469012
0.7336961860178876
0.3054699010149191
0.9297296491411942
0.1763879222437411
0.8402214149803146
0.8612644258246238
0.24978880110121027
0.00022601611018924217
0.08332376486702742
0.36169968258647733
0.10024631146276386
0.5488690798301085
0.7246251687288731
0.8289979934881578
0.6063011507338725
0.9647653990899685
0.49548279026730113
0.8979653551860303
0.8854690376273602
0.35021208190375996
0.6795083683337336
0.01675462283027751
0.8776754153303774
0.5961371042275062
0.849479103411451
0.6318640341622683
0.4020016200138178
0.4619251899326149
0.20191153432972897
0.004982215039866955
0.17746156094148835
0.10258842564516069
0.31291822984990314
0.8191869853605226
0.6797838073532261
0.26755726521974044
0.44234837514907654
0.7996119035639838
0.9120761741163983
0.7304310715171239
0.014062007627873241
0.6048155948189035
0.4188706957448659
0.5428476967335623
0.2484313230531645
0.4783401032277279
0.3468948131807814
0.12184672171813127
0.9296246651204814
0.7890978124659852
0.15911885174466867
0.14719422203639876
0.005231058883826689
0.46288106852167266
0.600691994116389
0.4399664003832995
0.6262133690369515
0.34379540709443646
0.9291578420609967
0.02171513777267131
0.3524544093758115
0.8445010711642861
0.3706628579819561
0.9842535739224848
0.3983315839683078
0.8182428183116929
0.4980386264458435
0.7867717455328411
0.31056756323938417
0.13261372964480012
0.6240727264184018
0.367579654167574
0.4230809357476012
0.624036928959739
0.18863595316802817
0.7507082791518461
0.9484096136173148
0.19226599265952826
0.9202382486408277
0.5543692704787463
0.9161821258977827
0.21498013028575258
0.36141716740425056
0.1548357773880179
0.9850884804536694
0.21333600677260145
0.05634658645995316
0.7238610185679641
0.7448992238938864
0.35073400218868667
0.22256997507188714
0.7414256843971072
0.160622688025023
0.8684106214694178
0.3951653807417823
0.8144750368751196
0.12430361277422097
0.9218563927475475
0.10102388838963872
0.47487134097443007
0.4565191485854826
0.5676138098299
0.16236232960206964
0.5913060307066251
0.6542215290627909
0.8048398563710515
0.15990394744875547
0.016007697327706905
0.1120398362356303
0.06306810569585275
0.14124593704323096
0.20600135300275146
0.17368461665186707
0.8395542207679346
0.46293706785803623
0.8434954858951936
0.859309411054852
0.15649957272151327
0.9040955873018788
0.8269117384182527
0.2455680988518738
0.43255989100620174
0.13840727660973529
0.04450029807591027
0.7239511682100968
0.6049430206242588
0.7420330878435798
0.2020549029698434
0.9300730600229078
0.7391570889350328
0.04825854041285227
0.39878100420445617
0.7763564617818457
0.4870510918457951
0.45831175237175514
0.45361903546258375
0.6384311513073717
0.6389918422061256
0.9016586852165023
0.9276327344899129
0.24128707223147494
0.5370743289966574
0.8068714162275655
0.05551713780221135
0.4891926055531961
0.19446897366065896
0.7024379587881466
0.041901472101370185
0.77260853473919
0.7930325605672212
0.8608626632641087
0.06838902978122419
0.5767181077432797
0.28531570608533785
0.11588405995238982
0.5672982237154452
0.7803870815128059
0.3262967684323065
0.4653491842843984
0.24534676347958262
0.5059555209212334
0.6671536317992014
0.6416507525671923
0.747909261713656
0.8291863654741818
0.6622804862351704
0.9138359677053371
0.9005549909381134
0.8300254654402662
0.8701940521496586
0.747936421035103
0.5950261469630023
0.7032268141674595
0.02420352600739939
0.4904446502581121
0.5814972589824033
0.7886581882851582
0.5676838661047857
0.996990791958812
0.21813758636879899
0.8155140109991005
0.768511143476585
0.4847229618867278
0.83940535043093
0.6578006864168662
0.7390952761944237
0.3042048269206987
0.910296540978835
0.48965861873201166
0.24443972250987944
0.550453162622342
0.8151206313545689
0.652716497294275
0.2563761249423804
0.4716449013966608
0.9297973830141616
0.5790223166882223
0.7149906534564499
0.6111137640505186
0.3163207468932985
0.0350771563498945
0.7899588363373433
0.6003052480964846
0.32424620132908744
0.4861618675761864
0.19361775383087299
0.5857493971502975
0.8661219864275811
0.222604621893852
0.15590584906136928
0.11833437274587522
0.5726677465982111
0.23653136251010087
0.9824877083874864
0.7254277057112443
0.6818916431142884
0.22307068410644348
0.35656275095260037
0.5531945215866939
0.6204198148652346
0.8892036932861042
0.3299835217553595
0.3146401103865595
0.30404573677914115
0.7112250062633657
0.5076552478638535
0.6851283772560208
0.19874392601841906
0.38578793889443064
0.9173067196879439
0.06767889887886103
0.8674736553013689
0.10309437759538864
0.38835358209153636
0.8911235543150882
0.21957937712450404
0.609819899570688
0.7539291207789668
0.8099019565403884
0.22241551366392376
0.5433042383154307
0.9666031817696296
0.4249371119332913
0.8157226243537214
0.7899712082939614
0.8065755249048272
0.8390976928736039
0.015685925440302118
0.5898220579696789
0.6133840659243165
0.37630560163219184
0.28471607069812255
0.058341845357918976
0.23464342270992444
0.8903721707133743
0.5529685243642801
0.7232562931059574
0.23316841061709315
0.33150162768012315
0.5081140891189795
0.19133131304070916
0.7198010095909354
0.13336875292197148
0.008752758804003169
0.0760612954959684
0.9499254855391491
0.683797907489361
0.3468739355264163
0.6215727739203734
0.10100544173062531
0.9688282822076532
0.9393882792334639
0.11370157259126468
0.9239928902597266
0.4151518888282719
0.8672327220324487
0.19376302350643126
0.503597485320374
0.4532256229026166
0.05634013979612096
0.4937583789287935
0.5705588336800361
0.4698520931270391
0.04312460166381549
0.32169723678813344
0.08536444341202842
0.23191237333542492
0.49301675210267304
0.5287470981239223
0.9192629977675402
0.5619963241703636
0.7088752659272626
0.7821977112002588
0.1355371015781872
0.8589362699218507
0.29989828411433095
0.1903136876959537
0.605461007488541
0.5610834103648621
0.797331157495011
0.17940505751827807
0.018093691831143177
0.03120862865717111
0.062002650175469576
0.3863998482175005
0.854678593943971
0.44273952522546955
0.8449152539322855
0.4251729532172739
0.23108460529512165
0.607069462360213
0.6057425545102842
0.6044699883701059
0.0911147721486355
0.6138856834457045
0.40450636729585
0.3370167723787749
0.7274634283985818
0.5805336898363526
0.2782111815187833
0.40749716613434717
0.27144921344226436
0.23148083403268194
0.31011139682626987
0.32884822177690576
0.7699883919705488
0.41760420488538574
0.6209311501788324
0.4006004967917972
0.12563357304057554
0.38052618382043135
0.06206333020457255
0.12613569318787066
0.6632597965278467
0.5403306732781569
0.1955456304416251
0.49359806285219254
0.930325116092878
0.5685532393082078
0.7481754842535908
0.5275186699253456
0.1781612826017227
0.9980931920456315
0.6417737886435134
0.13647573171908556
0.5827923072131762
0.8012336679424651
0.603113270519837
0.4395206353089868
0.23689208777650383
0.14513637363042498
0.34050047028209374
0.3069071438080643
0.8778141129486726
0.7455088169142688
0.3720288684155636
0.6905589246033024
0.46927821212205867
0.7776156704471285
0.10384426614119058
0.1251128509535443
0.9548950022930172
0.3720194905890549
0.9317556956880253
0.31838621729156824
0.4846139839689011
0.5988673112150322
0.773181272925782
0.9203684981192326
0.6475283647349825
0.6229442384291931
0.8960688359035391
0.6678074782018112
0.2656420490790693
0.4708944269998464
0.18056939877114198
0.40857867911760115
0.7938848293515071
0.23860274353600786
0.3595698421317777
0.9719920692033007
0.5867485936378785
0.5500370424374202
0.1569942534397405
0.8115328031302579
0.9698661339397705
0.6491746772077379
0.9363013905762306
0.4283613439623549
0.7894909169837625
0.8545382981070337
0.026637866469913396
0.10327211553970084
0.0875941377511118
0.6916859968816079
0.7538762261528776
0.16479093510132703
0.02070121539204406
0.13691128292453747
0.22108324282029146
0.328027233500355
0.6220524388063325
0.5668990805676938
0.14510172890095407
0.5153663153212753
0.6392914804935884
0.0634338563271184
0.18244760684633665
0.45100326783833655
0.7350698251482857
0.1946425457208012
0.5841574097320789
0.6738439683434911
0.14059854077465217
0.8674221270021762
0.05667530338122606
0.40872287340096825
0.10686068527230741
0.723843092772559
0.6338395029027499
0.512826384889715
0.32576690318337254
0.07639779625652743
0.30860168649496234
0.9044803937419822
0.0036882548623886624
0.15987127858285421
0.5892821012643248
0.7446105053775026
0.23978956950489527
0.37293215677028857
0.5644819944766528
0.9384268328113269
0.1821309317553058
0.18469787010528482
0.13366483715178612
0.9305920861857124
0.15815341819376083
0.5903633605406536
0.5394544333370006
0.9683999808738303
0.020293443365554387
0.06555564138285586
0.5392093206064441
0.5485107032931151
0.37332362918228534
0.49509763697098885
0.6474456359380494
0.26660367231263804
0.048224843687042385
0.05903894912362806
0.4610426762163661
0.8898058526191908
0.8239317151797695
0.872963188875047
0.651162495137966
0.8128948689016612
0.43559420997540654
0.7984610125150913
0.3635191778032457
0.8555919623820902
0.07504661835370552
0.36510133880024687
0.4957639752606605
0.14794188005037534
0.5279604992615461
0.029629704938581414
0.31197585565593344
0.9362327042705103
0.3460569677294073
0.562818926063295
0.2159758597938013
0.9661009932192199
0.00891696525605623
0.7640058207908339
0.29754289854793303
0.9633411026002122
0.21078511259814103
0.7736432855860904
0.22673414763910493
0.4711545515395461
0.8684712751661064
0.044463273243248946
0.6493365998278912
0.7334653500642174
0.48301340205880705
0.6373707441376049
0.06751393573795028
0.053739835511254275
0.6576171531771724
0.5990824719514083
0.9401259132477994
0.4446397296148552
0.5472791118009996
0.9013578601813835
0.5018236837964914
0.1994706494294316
0.31730463343787063
0.8290540244267061
0.663533696956836
0.9317266868380111
0.44139245513886216
0.7383446859271148
0.7783033711267493
0.37547093484353133
0.6132424724579736
0.7618505704945274