-18.240902683817215
-18.240902683817215
-17.906223870494383
-17.906223870494383
-17.906223870494383
-17.350631429887024
-17.350631429887024
-17.116977893745595
-17.1739305674209
-17.161882662581487
-17.161882662581487
-16.9052364701665
-16.930167244470358
-16.930167244470358
-17.05801276245967
-16.941196959924373
-16.59319364032227
-16.38226602978138
-16.38226602978138
-16.341980252970554
-16.341980252970554
-16.17399048963433
-16.17399048963433
-15.831230529617242
-15.52958690924348
-15.450424367552998
-14.934566562182978
-14.172522731974054
-14.172522731974054
-14.145456239140447
-14.019770543752434
-14.02009163719602
-14.029820216423513
-14.202713424082019
-14.062448776743786
-13.863447143890802
-13.93343012949032
-13.468856707064054
-13.147146634777089
-13.147146634777089
-12.708814760637326
-13.091661494183798
-12.581834047822934
-12.581834047822934
-12.581834047822934
-12.061985158184648
-12.061985158184648
-12.094310741368915
-12.202471055078016
-12.202471055078016
-11.322750745748948
-10.72992663731229
-10.883487479436909
-10.515458705613213
-10.457502470134179
-10.457502470134179
-10.366614671667156
-10.606486518847898
-10.736423369976196
-11.450754635972801
-11.246758748920104
-10.808519208522869
-11.635032495466728
-11.544201791949355
-11.544201791949355
-11.678616019608244
-11.678616019608244
-11.618436106246824
-10.5354600370491
-9.887779647262358
-9.55025722732229
-9.775471973310395
-10.030463244994213
-10.513471967847812
-10.513471967847812
-10.513471967847812
-10.513471967847812
-10.436014662684359
-10.436014662684359
-10.56227997661663
-10.588499733433919
-10.202394545731133
-9.957279739701843
-9.566261220149103
-9.89745317725109
-9.868541598192445
-10.530285603277246
-9.82758772917985
-10.184633340442028
-9.829440860941965
-9.986193539027719
-10.247505384543867
-10.237315090117614
-9.816733500907942
-9.47332162178137
-9.057648028726975
-9.057648028726975
-9.024384243089266
-9.26559870413824
-9.358994066714958
-9.328368012483185
-9.750797761125705
-9.87580581525673
-9.531081733255313
-9.620260934583184
-9.107351974145391
-9.342851362198179
-8.975224132154382
-8.78005379862188
-9.12556807348446
-9.060494467072717
-8.573666576064301
-8.719514159730767
-8.594938046865686
-8.817755300306827
-9.321510448575482
-9.444536045878682
-8.954027132646193
-9.869106888809215
-10.201416417449876
-10.201416417449876
-9.933185403009542
-10.001032625043695
-9.758521061733624
-9.33629274395065
-9.1332342291452
-9.250455884195546
-9.260553511910176
-8.42875826665143
-8.42875826665143
-7.8260775227003005
-7.8260775227003005
-7.569960184470564
-7.449202424395293
-7.045970936861411
-7.12599120685325
-7.12599120685325
-7.193784349400073
-7.21580120591137
-7.510187309631043
-7.985760160851158
-8.481581700161732
-8.545716403250928
-8.07461808409095
-8.517074185118036
-8.73775364060443
-8.147826919081801
-8.147826919081801
-7.8252504807569245
-8.25055328632247
-7.584277128976106
-7.6576112960895655
-7.963820711529489
-7.963820711529489
-7.963820711529489
-7.950472566193091
-8.123079661323283
-8.825295682379439
-8.825295682379439
-9.103965108973007
-8.850644003501136
-8.850644003501136
-8.505115047010094
-8.505115047010094
-9.040575477590354
-8.951377916658208
-9.596528598172425
-9.447548266435769
-9.714149734951087
-9.995341944235639
-9.995341944235639
-10.19591330751232
-10.69253282016155
-10.582783027381986
-10.285757388914455
-10.174801731693213
-9.949060712088206
-9.48940183817883
-8.627126509752285
-8.101069222727617
-8.083282783129388
-8.4849513663199
-8.492785262394685
-8.319316825791692
-8.4931746376913
-8.943281870990948
-9.774668476007191
-9.966779801147844
-10.132299779293795
-10.132299779293795
-9.912763323819224
-9.912763323819224
-9.734171847099015
-9.334377132323754
-8.113161792877483
-8.18458099332525
-7.919395675390159
-8.30528638334642
-8.383470037484756
-8.83892464233266
-9.16831329406406
-9.444785772131349
-9.456337824382882
-9.549627414645126
-9.180715217903238
-8.479001075646904
-7.916662674207408
-8.285859177899821
-8.285859177899821
-8.285859177899821
-7.934322066776359
-9.059544153886872
-9.059544153886872
-8.840484167775994
-9.010399399634567
-8.955099595307125
-8.2476771765821
-8.033497723665665
-8.645965902405239
-8.470046819034154
-8.581281430646952
-8.42037579690694
-8.480151645071803
-8.646076395404348
-9.27552961981155
-9.364287588721924
-9.02890438062265
-9.57617696124871
-9.57617696124871
-9.57617696124871
-9.830105017735738
-8.93625679567286
-8.994759484572938
-8.953102313525232
-7.646710226815054
-7.693628410878764
-7.748217928324915
-6.687571547126764
-6.652941790547668
-6.347463878100929
-6.639259549197677
-7.249643134807293
-7.249643134807293
-8.020746271436893
-8.020746271436893
-8.736458481649613
-9.244492770857349
-8.648733815331088
-8.697325225512357
-8.697325225512357
-9.245992032554126
-8.97864608307124
-9.253357564122892
-9.53405178990296
-8.883560348271311
-8.588994688002744
-8.588994688002744
-8.4092402173942
-8.4092402173942
-8.4092402173942
-8.457959680729102
-8.793916682793785
-9.274286450584373
-10.317174294097534
-10.177561123375275
-9.78825252290014
-9.889650221591266
-10.030356982036297
-9.248226862314592
-9.513121079271942
-9.923024912327824
-9.909382469652313
-9.868513218682262
-9.795340775115317
-9.940316285416523
-9.715667014966616
-9.859716080634294
-9.481545256420585
-9.481545256420585
-9.670719739895263
-9.645187875942085
-9.953238839616176
-9.881092029677326
-10.872629192934973
-10.872629192934973
-11.498120800442889
-11.720103216009376
-11.720103216009376
-12.732987489342683
-12.732987489342683
-12.357416539873496
-12.09912458653705
-11.79481633566116
-11.883793255062008
-11.370293289817354
-10.202827882026197
-10.276147812693893
-10.025675594298185
-9.686360593900579
-9.864974858213102
-10.38356361062494
-10.977700243796509
-10.977700243796509
-10.816849286699078
-11.212714495125054
-11.004529744209275
-10.846319229884568
-10.846319229884568
-10.846319229884568
-10.846319229884568
-11.306148407045157
-11.306148407045157
-11.306148407045157
-11.159278261131691
-10.373624576774874
-10.679771125208257
-11.0137960310513
-10.678774525902135
-10.678774525902135
-10.678774525902135
-10.290833066580099
-9.761173046100046
-9.006865601350489
-8.953898015947418
-9.483029216184043
-9.16181298336889
-8.863949504200352
-9.597122235593881
-9.057076124254326
-9.057076124254326
-8.757034588558563
-8.977489009590249
-8.977489009590249
-9.039159051512211
-8.448948057530753
-8.52993022164793
-8.39125529529835
-7.957628213242362
-8.088734021554496
-8.150737989314583
-8.57220112208038
-8.643557965716564
-8.780748839234993
-8.525896132033319
-9.117598622286426
-9.286758761184
-9.26926068662711
-9.046934979784435
-9.741459744851417
-9.686633773855055
-9.361368261100596
-9.361368261100596
-9.098434409424527
-9.306451350905466
-9.426130792274657
-9.176699220979442
-8.819529207730781
-9.026964498385269
-8.42380522333429
-8.221297545191169
-8.221297545191169
-9.078966936001358
-9.269935717399273
-8.967528978512572
-9.134949722344592
-9.116788925808013
-8.804622428740856
-8.701134768974534
-8.701134768974534
-8.71965127661963
-8.687681591888584
-8.779602371454988
-8.68760013201015
-8.308672571928192
-8.251516653189203
-8.48862180737294
-8.48862180737294
-8.474703909960049
-8.474703909960049
-8.562911902007352
-8.562911902007352
-9.078693564338694
-9.184324802588725
-9.613455412491536
-9.683350664303287
-9.473712413143968
-9.637640758256685
-8.959809040415317
-8.8718700656603
-8.679196999102162
-9.219693759475451
-8.594568678905425
-8.654243249676037
-8.882321613826187
-8.882321613826187
-9.13449631809549
-9.300685780892886
-9.15893011650973
-9.265162973491316
-9.34939584301953
-9.075803218246953
-9.590342134377767
-9.590342134377767
-9.786743156368711
-9.418230290656856
-10.033000183761214
-9.5494536147797
-9.5494536147797
-8.734593970597292
-8.672651361052093
-8.765593308408665
-9.156033847708207
-9.090213910592052
-9.286050518061332
-9.28546799321967
-9.28546799321967
-8.941174017247631
-9.375338501517405
-9.756032402277437
-9.656938559138805
-9.748624442035483
-9.683920683392817
-9.765669325639445
-9.154137092286925
-8.880361484623386
-8.053910567252254
-8.053910567252254
-8.378906405397009
-8.085037320020179
-8.085037320020179
-8.461075220676847
-8.461075220676847
-8.840792263735583
-8.840792263735583
-8.457942278657855
-8.203502393762347
-7.725357713258511
-7.44636063334871
-8.390682040616937
-8.17019740493446
-7.721413036673421
-7.749635960233163
-7.749635960233163
-7.8995697097203745
-8.245374595856555
-8.213285812694222
-8.031562732745353
-8.217585381685916
-9.290741474653583
-8.691485050062845
-9.075846570739156
-8.88916990620207
-9.013165987930007
-9.370702287443322
-9.05588490171369
-9.279066731928395
-8.124516735026432
-8.160879616555828
-8.160879616555828
-8.612709515299622
-8.309389128966556
-8.808276091252749
-8.862129951636224
-8.822892112725947
-8.822892112725947
-9.180513786570922
-9.125543713530396
-9.199132953513114
-9.362394548436162
-9.198745916596476
-8.942435270619683
-9.239953944264592
-9.239953944264592
-9.658470420066326
-9.080598456010257
-8.967128611461481
-9.124528671962207
-9.239853629410662
-9.413716618718976
-8.812044737886715
-8.812044737886715
-8.943599654406528
-9.558917251969254
-9.960793817004333
-10.190908099569539
-9.7291603796142
-9.990476417057733
-9.990476417057733
-9.939271983492857
-9.501017181419472
-9.82669166090346
-8.964449896557198
-8.964449896557198
-9.364974242559109
-8.97143589831253
-9.48297380192913
-10.191470241554958
-10.085762855583662
-10.354498042258895
-10.53272353558252
-10.454422198260096
-10.478665674626201
-10.185678830164274
-10.5430998955307
-10.176562564525744
-10.176562564525744
-10.581010993107498
-10.716847046274303
-10.651642518354114
-10.651642518354114
-10.55683432514515
-10.410881695541816
-10.312215608106415
-10.427995070209567
-10.626816003951085
-10.633883073451576
-10.725788034651405
-10.73371750508322
-9.78777724782297
-9.894679833352358
-10.034688007957255
-9.987254482143104
-9.176914873292658
-9.353978165051407
-9.569989286971959
-9.979152911215557
-9.339492705403064
-8.768176302485983
-9.126267535982405
-8.944467316243411
-9.097516704910463
-8.599771585739234
-8.599771585739234
-8.537437493041246
-7.991923287115224
-7.554718913247772
-7.554718913247772
-7.721356279807827
-8.472506623637273
-7.946859265152275
-7.946859265152275
-8.291397200050225
-8.291397200050225
-8.198163945195292
-8.187000127522458
-8.909083900867904
-8.786979348715613
-9.030812170957372
-8.980351732557844
-9.02493105714316
-9.02493105714316
-9.301096058520807
-9.301096058520807
-9.740281822313646
-8.763067845499966
-8.747075350595331
-9.542010683266893
-9.171837340326345
-9.171837340326345
-9.327145269713968
-9.230595366606808
-9.31652665934534
-9.194347120976214
-9.542685989222473
-9.542685989222473
-9.542685989222473
-9.759713073858782
-9.759713073858782
-9.29583750051711
-9.834413736040187
-9.296802971440227
-9.184131812954796
-9.650512366809291
-9.57298993458248
-9.376390173828188
-8.942703485615768
-8.942703485615768
-8.986488913655617
-9.008724310511093
-8.265923160763744
-7.739738130335045
-7.93027363047699
-8.153299658987041
-8.08308019246453
-8.303668584198938
-7.968732847772521
-8.413461968065231
-8.413461968065231
-9.078035158758889
-9.005316987442809
-8.326562822210455
-8.214914915894648
-8.214914915894648
-7.78248206013601
-7.770407733255511
-7.770407733255511
-7.452226334775475
-7.741261209739813
-7.741261209739813
-8.450453010887967
-8.461711992704156
-8.461711992704156
-9.151631622221512
-9.151631622221512
-10.41267252558676
-10.41267252558676
-10.41267252558676
-10.064721425101688
-10.064721425101688
-10.328699548875843
-10.327524773887701
-10.948704912271054
-10.276897719490346
-10.525561118168895
-11.015719135619994
-11.03905248920269
-10.681553849132744
-10.631708023237094
-10.192303175051041
-9.649777683117993
-9.527789442850567
-9.03316827225752
-9.052123926768553
-8.873402634858293
-9.121302679643208
-8.845170582725629
-8.358855152036618
-8.689429237676375
-8.362717048251017
-7.867905016065809
-7.837125270416357
-8.147496399104227
-8.375853302066716
-8.05152874337387
-8.17679726752649
-8.313369454330374
-8.661206186516292
-9.283309554205006
-9.109654991456726
-9.09749480841655
-8.777657642494555
-8.97305270002191
-8.812382283695781
-7.8016335093537315
-7.804249558332912
-7.691613855765886
-8.168362898190503
-8.418860562760214
-8.427434456698336
-8.135249253664634
-8.902762526008075
-9.719293810672763
-10.27383015154478
-10.17689573952523
-10.815426433630918
-11.146731665252645
-11.146731665252645
-11.192139020847462
-10.483085878354656
-10.92547113185212
-10.92547113185212
-10.123985382897903
-10.123985382897903
-8.938941443032114
-9.625040969428701
-9.625040969428701
-9.625040969428701
-9.644666871088216
-9.618677599548247
-10.181638455459467
-10.072059798991305
-10.218455705370355
-10.068180424499552
-10.160360820957136
-9.09407245971136
-9.273911715495105
-9.273911715495105
-8.535841091323402
-8.504430811817794
-8.557387262328858
-8.34086840735378
-8.323196844532182
-8.33574965457569
-8.450500712921608
-8.480571541493383
-8.480571541493383
-8.480571541493383
-8.480571541493383
-8.274649450436385
-7.963312948086136
-8.029357996661387
-7.9437422317065325
-8.048511403310812
-8.048511403310812
-8.646180602859822
-8.13406483113485
-8.291358269263068
-8.468736905905736
-7.680651478182082
-7.782812086343355
-7.990530649380281
-7.909457198372307
-7.8195308850949505
-8.207042115160736
-9.066519597230748
-8.78059095997799
-9.153576527786123
-9.06103828152441
-9.862047177924811
-10.316814982950815
-9.423365253300863
-9.693741680201464
-10.210885737566727
-9.613755066289196
-9.44454484396383
-9.742364571748302
-9.742115538452692
-9.714735628514836
-9.714735628514836
-9.53396589131602
-9.544558555429195
-9.544558555429195
-9.574922348920746
-9.434852747437764
-9.358693711488092
-9.331509401481444
-9.975391737261795
-9.975391737261795
-9.7945011928792
-10.309954648768178
-10.865525903187294
-10.295958803364313
-10.157398376025892
-10.083319134611738
-10.201423352183092
-10.201423352183092
-10.167024320318836
-10.010396418152018
-10.636049107781778
-10.636049107781778
-10.75548418670583
-10.34333669721798
-10.563278414483337
-10.563278414483337
-10.559001404640922
-10.456113716774006
-10.54421474364633
-10.511791731197462
-11.056018212609818
-10.901855092826283
-10.581949659371375
-10.451530092211167
-11.248937147652764
-11.313627913288796
-11.616048123092131
-11.553887263874556
-11.049609700942753
-10.704774792121453
-10.740617507188633
-10.404730392329343
-10.358385609718303
-10.803407344128615
-10.803407344128615
-10.96337859802649
-10.990591653244177
-10.990591653244177
-10.990591653244177
-10.817583867498211
-10.863035316078461
-11.330885407790827
-11.352037931843427
-11.414941663629913
-11.314962380367867
-11.08462198158482
-10.694277263976092
-10.913914899411827
-10.899777124705604
-10.899777124705604
-11.391622461208785
-11.196081639263918
-11.196081639263918
-10.898862287891712
-10.762002378460458
-10.762002378460458
-10.960232540880225
-11.275505468281883
-11.275505468281883
-11.242062371650869
-10.561744808033014
-10.371123421446672
-10.572384550570941
-10.315101285699534
-9.857719730177173
-10.15702780201595
-10.442301575782386
-10.442301575782386
-10.28998998336356
-10.224181569141885
-10.550582447417268
-9.918395618452088
-10.011299222624746
-9.998156740551726
-10.111281581193802
-9.709643659050375
-9.709643659050375
-10.167049631641124
-10.603356111777172
-10.603356111777172
-10.686759149479249
-10.59239327077391
-11.121170452567124
-10.986615014090173
-10.40126568096547
-10.28429423108015
-10.663659409005584
-10.663659409005584
-10.29875110520918
-10.583691170147961
-10.583691170147961
-10.583691170147961
-10.599907109000569
-9.788502082076093
-9.944550710459604
-9.786160877207415
-9.786160877207415
-10.117839522813828
-9.475627041302515
-9.207041063573136
-9.320060460310634
-9.592466818207367
-9.75626167307617
-9.777378932601342
-9.203853093964256
-9.602952744303813
-9.602952744303813
-9.46674408259339
-8.871552937604385
-8.871552937604385
-9.223352134340141
-9.615095003787877
-9.886274516570365
-10.030422985564106
-10.624772322123372
-10.624772322123372
-10.624772322123372
-10.849508254299618
-11.057650185488166
-11.057650185488166
-11.267574050496712
-11.267574050496712
-11.17914168594855
-11.409664856748654
-11.409664856748654
-11.25939904188785
-11.076108039825424
-10.575987579631839
-10.27480832226136
-10.20635352143917
-10.741367672447572
-10.741367672447572
-11.233572522175264
-10.810416949664507
-10.756621611637208
-10.854315739191543
-10.854315739191543
-10.854315739191543
-10.854315739191543
-10.55387048857223
-10.55387048857223
-10.55387048857223
-10.811558712188196
-10.377102656730136
-10.797420139193322
-10.797420139193322
-11.355520539140674
-11.110455387408521
-11.357810613559034
-11.349571266393935
-11.469001152394883
-11.137225161301615
-11.08201082192215
-10.586392142374743
-11.183601647871198
-11.183601647871198
-11.48499746635551
-11.516008100903955
-11.193575283516857
-11.41049320513912
-10.920589405843192
-10.574930603771937
-10.360173898326979
-10.360173898326979
-9.690466528225896
-10.042888560521288
-9.668877995470703
-9.099497945781387
-9.43736080320453
-9.660839617006722
-9.674118521260286
-9.976451444337794
-10.151500153075126
-10.151500153075126
-10.151500153075126
-10.151500153075126
-10.151500153075126
-10.484643854291186
-10.842864308265627
-10.669250993432563
-10.669250993432563
-10.47281675421403
-10.387575170951902
-10.694314404421702
-9.902605091499089
-10.29051343177929
-10.29051343177929
-10.53550537105003
-10.27747985406772
-9.823592349985812
-9.557080068262756
-9.282134874103892
-9.707706379134228
-9.002859666257057
-9.648221975025972
-9.495212995060788
-8.941744436605953
-9.382541659531324
-9.790822175298105
-9.044598091482266
-8.862051003347243
-7.984761815641991
-7.591077970366042
-7.314543998537995
-7.274040876867694
-7.274040876867694
-7.2556122995968115
-7.212305621495383
-7.32675322413773
-7.702241068709162
-8.148362193796423
-8.148362193796423
-8.148362193796423
-9.006225416819056
-8.097003070178086
-8.097003070178086
-8.92761548528542
-8.754792174581864
-9.498167005685971
-9.316871297413373
-9.325473534917107
-9.297943336046323
-9.297943336046323
-10.043658748975782
-10.797628952065274
-10.797628952065274
-10.797628952065274
-10.632575730963463
-10.784547154977446
-10.609821457454537
-10.474124367273689
-10.474124367273689
-10.645138223747056
-10.841297582835226
-10.841297582835226
-10.977532026916963
-10.977532026916963
-11.028223708052387
-11.217602345321783
-11.392850218903561
-10.778441305360237
-10.55535741941943
-10.654620174093958
-10.654620174093958
-9.937169951023574
-10.042361574309112
-10.285112957281262
-10.726516089356297
-9.710011840396424
-9.576343180974341
-9.558025991481733
-9.558025991481733
-9.698196421168609
-9.692445893318926
-9.709986748886676
-9.712688428840552
-9.924244498181633
-10.304094843852111
-9.96242543381213
-9.96242543381213
-9.601486135619794
-9.470258084799834
-10.298037130643344
-10.359270303231733
-10.002337214447683
-9.743143309968481
-9.358653379535117
-9.08525127521161
-9.24866947869482
-9.24866947869482
-9.040386336553656
-8.903093330905605