0.407095734551
-0.061389388036
-0.431634784824
-0.328798325277
-18.373206220593
-0.560024474933
0.901591147599
0.028930510396
1.111742981428
-1.982220825279
1.386336431169
-3.734279340842
0.525864165496
6.260761389120
-0.353814001034
2.458490561088
0.743215463219
0.605262963946
-2.419013295715
-2.507835036331
0.231758082012
-2.724885631624
-2.831375375991
1.209535001970
0.622356629080
-0.225923128431
-4.082356319816
0.402619679055
-1.450785801929
1.162135263556
-2.422169923338
-0.409057165915
1.253417347746
-1.536794273491
-3.221712370638
-1.139820770251
-1.637048244377
-1.653800435171
13.800410318936
0.371212058832
-1.416403226306
2.503320020156
2.373769447166
1.099731218559
-0.022112048903
0.409442488843
-0.743182636478
0.670296744155
-0.565291067933
-0.362208373173
2.170904998030
-0.242849302620
0.506068229940
0.100962972941
-0.116758096769
-2.884080166944
-0.556493309494
0.109994953075
-1.593044021007
2.201276594454
0.241601028793
-1.613856094524
-2.707363411443
1.117253224691
-1.774952743582
-5.024336216091
-1.460114595260
-7.022347693067
-0.173863485625
1.144409714087
7.413311591044
-1.319167068017
-2.920311022990
0.207650650281
8.178666085928
-4.097829921906
-1.348331650604
0.459121210204
0.122305549106
0.978661389036
-2.773111346783
3.524319139063
1.373253969479
-2.011923582999
-0.152662541390
-1.460996283259
-1.383825942073
-2.869940546398
-0.198695276838
1.029495015838
-0.197664035884
0.634866155807
0.940831159837
86.819952508426
0.261674365373
3.241837556208
-1.250009817351
0.287119534425
3.059485272958
-1.994589783328
0.577470341062
4.737232669526
-1.854953465866
-1.501867924670
-0.569898610408
-0.253816670866
0.573728225808
0.617102416511
0.339244210956
-5.976943145009
0.695371497779
0.469585740549
2.860366884212
1.457966792961
3.012104240755
0.099811190419
0.824947087836
1.623302999260
1.077062984016
0.317427526413
-1.260712296623
-1.093160261786
-5.639049577949
0.926486849252
-0.109281819999
1.604999012298
-2.903462818618
7.613441231091
-0.918007136993
-2.660818367835
-3.437163536284
-1.203338420055
0.133082363781
2.948068431462
-0.905708405559
0.341745911410
-0.953566094710
-3.398242699959
-0.307143726434
-1.037469936672
5.302671845735
4.785021106030
-1.183983524816
-4.661774930236
1.129872191623
0.324092792631
-12.333572385559
5.052178908031
-0.911877831653
-0.801390965824
-4.688424305912
1.397572619581
1.406817792162
3.805224226417
0.647023473370
-2.591499772483
-4.782046751132
0.793108011774
18.350588014627
-3.204791782114
1.307074599954
-0.631002195349
-1.261263852344
0.802345100418
1.621945923966
2.846663581623
1.978634480748
-1.143818817099
0.299477720012
-1.348308671424
0.704562687313
4.492456988258
-0.107421494450
0.900071939059
0.870817168353
0.333849547664
-0.736988215923
1.048267630034
-35.248528801376
0.036046534445
4.218260579006
-7.948451522816
-0.075045035384
26.501770256009
4.059250552308
0.388839272402
-2.139209447966
-29.990813042981
-0.417443614938
3.289042527437
0.675273879603
-0.046264898040
10.073347042635
-0.348041866336
1.784724953432
0.132259344336
29.084588016643
0.106081336315
-0.299604573341
1.609574957073
1.142240267517
-7.683742414782
-0.368126526836
-0.145501691197
-2.538859277806
-0.350047969950
0.294248545856
-0.814825977314
3.396035016318
-0.964568935452
0.340790064656
-0.562573095511
0.791871879909
1.789994082567
0.517130545837
0.706658120756
0.268279103317
-0.414164112386
0.107848146758
0.355679089071
1.642629891923
-2.746151519634
1.128557481855
0.482463700794
-0.867766533592
-1.108566367752
0.524438846578
-1.054319874155
0.052797376450
2.325454289314
-0.521412745561
1.739141461552
-2.921447711740
-0.800520128146
3.183460026520
0.125872048721
-0.285227839641
-1.614564662590
-0.020765997948
14.791994798285
3.860556894900
-0.341951426991
-5.503319673471
-7.861911821766
-0.431933890592
6.987761972863
-1.727004685312
2.536449191594
0.236372000195
-0.097640812498
-0.515879571355
-1.317187538463
0.235496143855
1.447219145353
-0.088862346797
6.674475426770
-0.056849338339
1.397370325918
0.475349601583
-2.538973602835
-0.686080890569
0.113999178409
0.674806295793
0.109943308061
1.039110084205
-1.932112157462
-3.474245268221
-1.239118537659
1.632281674847
-0.636168282242
-3.321690749398
0.404381559375
-1.734036599938
2.602356114195
-0.199634835383
2.285803086459
57.802525417423
-0.289944528377
-1.078111912226
0.169598481510
-0.912313175241
-1.292262713204
-0.906210968853
5.012007385267
-0.272295920254
1.058797964927
-1.035107972306
-1.068476117384
0.164083070658
-0.119024108990
-0.587129010914
2.051198592850
0.125099736488
0.450866317916
-0.813902446828
0.083608329096
-0.010207600339
-0.029977799639
-1.205495697078
0.097592063679
-0.363234789231
0.603978787864
0.180697169152
-1.213746475861
0.822107213765
-3.308542517194
0.551116422128
-0.333155840277
-1.436359140448
3.840139272907
-1.078180946175
-1.309808251300
-0.044480965389
0.383053074303
-14.796498537358
2.903091962909
-1.014192702018
-1.313009429421
-7.231489202147
0.400763868953
-1.914129908766
-1.108220842565
-0.895206747889
0.245043697017
-6.927712239932
-0.247735000686
-0.452195525791
1.033101667291
-0.260237222628
-4.627539990964
0.574788895689
0.900174931626
-0.200451263501
-0.338765243835
0.219942908602
0.158782242191
0.000757788144
0.189296302736
1.035955017163
-0.899585076121
1.468641585623
1.534578942295
1.769134862541
5.561715277370
-0.046598696957
-3.625697494058
0.387557070092
0.780942053919
0.901179642112
-0.031028537866
-0.061795179432
0.607871775139
1.248574524078
0.195010265578
0.664721577852
1.203608643886
-0.831150035767
1.573500666018
1.199080374101
-0.585220142049
0.631708574824
-0.002403480105
0.157633847710
-0.396307746514
-0.979848433919
1.468111543774
-0.333791028790
-2.484897319937
-0.056326435139
0.422859809790
0.036533616153
-37.561428448741
1.675142843818
-0.168474467094
-0.591626403867
-0.391746976988
-0.785059541275
1.201796043156
0.604750743538
10.200621714122
-4.920260702151
-1.637139638453
3.299100701403
-0.291192004479
-0.170164371996
-4.821891818733
2.784997107620
-0.546999637430
-1.453484206277
-1.054408511511
0.616277146105
47.781763028189
-2.687582564944
-0.267817370257
-0.251333523889
-6.110128932590
0.183934979561
0.339133300977
-0.773253681691
3.125259299524
1.530297596142
0.670902606709
0.094880525464
3.642546904307
0.396999752761
0.064005373712
2.655124046162
-0.051286638591
-0.246136438048
-0.958286277806
0.053498811735
1.093122717041
-0.663521514603
-0.768431824000
3.026247895058
0.945434810294
-0.291719670757
1.209508258700
-0.055295888344
3.164110977935
-0.007788739574
1.274203966808
-2.202039056383
-0.095820818930
0.049093650034
-0.545329572066
-0.196436478385
-0.527563179349
0.364147469690
-0.240461272938
6.296181546097
0.213041662013
1.069950098908
0.123137401027
0.884280290285
1.253919012086
-0.984705043649
2.465615939289
0.523783251634
2.630403514516
0.361318599446
1.272432213717
-0.692084886785
1.458376494993
0.834359291412
0.476795032308
-0.463911011456
0.849924449632
-1.009165887744
-0.540978230750
-0.599223066375
-21.170087360812
-4.403393287121
-0.987069863821
-2.610921606397
0.121573258903
-0.758940084943
-0.913447887753
-1.010794491930
5.889235424288
-0.553056537802
-1.385233530642
-1.338021002297
4.999764354065
-6.196694080882
-0.230433798974
-0.164316609596
-1.768580773903
0.035169090930
-2.087638203246
1.373362511098
0.901713172209
0.757563064293
3.560747384474
-2.339111447700
0.095216403464
-0.155157764341
0.563338500028
0.620945645151
0.908129002509
1.483528389890
1.092188356526
-1.266898833889
0.528718754544
0.161238514665
1.830468445795
1.172432849532
-1.891014751388
-0.761995144432
0.528306159952
-0.526918584586
-0.204719572704
-2.298275674035
0.563653324074
-2.067730673015
-2.290922984153
-0.830468542578
1.013215520794
-0.682072400080
0.279254478281
-2.021549978806
0.537528738994
0.424805330101
-0.481816653931
-0.540734127024
0.437907235445
8.532197887467
-0.427910244383
-0.273162138929
-6.183803525377
-0.818642730380
0.070016005234
1.229088043636
-0.062771121253
0.426834207720
-2.136710453524
-3.039553608688
-0.413898234063
-0.850958489649
-0.267571211975
-0.688654406226
-1.757677063336
-0.181826572000
-0.655665799405
-3.854866121542
2.518748120319
-0.376826243412
-2.709072353928
-0.496578597210
1.272971023037
-0.552453905891
1.798517309101
1.086828664792
1.184683800074
-1.322133658089
-0.863296328496
-0.881075557881
-0.788188788229
-0.433117088310
-1.170412182348
5.060734227425
0.061358137437
-1.120722557161
0.355297447750
0.767180513355
2.036765278661
-1.228623978068
-0.359605192231
0.110445823075
-0.261796247680
2.962529007948
-0.595707754604
0.952537233051
-0.198816586711
-0.101650811387
0.679583525573
0.842867017501
1.676660074579
-0.667462462740
-0.487262227348
1.606332791832
-1.891352212858
0.912669954858
-0.353627183938
0.236474424214
-2.053283803723
0.895990613730
10.936084858672
-0.153546459306
0.402177944194
0.118042954018
1.154120656204
-0.593450257244
1.201602511762
-1.505789704246
8.935698483904
-3.136174916888
-4.260965464770
-0.443389276206
1.730842555256
0.007296338713
-1.255052201830
-0.047033600782
-0.372056135210
0.395083285681
0.516850459850
-0.301189801755
-0.495118410986
-0.730372021854
1.522239324831
-2.016129829852
0.681471394053
1.904087357341
-0.439066576416
1.199284968562
-1.083198980306
0.623000762620
0.071751972531
-0.952754708498
-9.612024245611
1.484372293774
0.004538790759
-0.459826932235
-0.656626874925
1.789451586973
-2.725116796735
0.047864932528
0.567738360507
0.793921022677
-0.259326799693
-1.344307808581
0.645429251492
-2.384126448741
-0.366578513880
-8.361028657434
0.711887830042
0.949748221701
-0.369318142959
0.366999913082
0.145015996619
0.367749415136
1.388613094275
0.574699096145
0.141450768432
-0.865524033353
-0.097649361944
-0.328266471120
-1.155603081477
-6.710189231342
0.472489530722
-5.174311718177
0.664670708026
-0.863421302477
-0.284537406592
-0.459900289985
2.896564057181
1.348384322635
-0.854256384047
1.300237527346
-0.585323605589
3.132574934803
0.232254113456
0.246773204467
0.162817116517
0.624525303820
-4.682044551551
-0.145900823111
0.355506419311
0.998598173311
-0.971012912947
-1.059051395886
-0.369420145812
-0.127939869080
-1.890023076981
-0.752520578157
-1.390994014625
0.858984687114
0.501718886639
1.861722991277
-0.107867527078
0.994207241014
2.519615047358
-1.064924608891
-0.144011489700
-0.732777198834
-3.004261958023
-0.691477460580
0.020493245096
0.265936696652
-0.193988934665
-5.447042671861
1.084193449846
1.705748032571
3.483616247249
0.360679010993
-0.809370138752
-0.421563480062
1.957565447489
0.575648433366
-2.530111177773
0.116792290431
-0.554948150599
0.570092980662
0.777712387781
0.247120586345
0.093128057828
-1.119273470712
-0.105761168151
0.453603762663
-0.071970805590
0.917942584523
1.030574568492
-0.484979100635
0.675621033542
2.673208677481
-1.487372176727
1.164520929746
0.616846669590
-0.382252864803
1.399548823080
-0.069706490581
-0.478427496895
-1.369797084912
-0.444290829062
-0.070419213507
-1.384827943254
0.864590811046
-0.187407827221
1.065325728297
-0.666225802693
-0.269773241096
-0.797448192103
-0.048278068621
-2.267906620131
0.416102750248
-2.955055193332
1.314343650871
5.338157227704
-2.329322385120
-1.375287005764
0.203655122531
-0.966121880106
0.372980977865
0.118009567965
-0.495420448947
0.453672692473
0.463792770614
-4.170158905515
0.590800207718
-2.935732907200
-1.871416781836
-0.291393540217
-0.626745322504
-0.235396061232
-0.385013799809
0.300135179240
0.057640935476
4.320617439925
5.010780081044
0.823346763726
-3.132336169662
6.368787123428
-0.362133124347
0.575314617045
-0.200755587121
-2.793728053285
0.898654936782
1.594579076435
1.246607338204
0.425698294437
2.491888125310
-2.305057879654
-2.246995220057
-0.431263775351
1.591120911639
16.581776435603
0.006673111874
-1.626679954498
0.402069375456
0.692771385438
7.582618036946
0.820744181343
2.394501498984
6.332886292283
0.929129283957
2.175888415817
0.576276697126
0.987611625515
-1.543302465251
-0.261437828962
0.395380073299
-1.083007756680
0.452288890304
1.414867204780
0.444713367516
-0.035507469871
0.324245220979
3.788351400683
0.362719591598
0.697471183321
-0.326173383996
-1.516022284694
-2.536783997056
-0.048932165390
-0.612722530756
0.787433204713
0.311015051325
0.911527802516
0.723332405419
-3.234793145559
7.599322446245
-71.424522676987
-0.540827473475
1.503039278169
0.149991221856
1.290065756417
3.350326285205
1.615239401787
0.581850152365
-2.968796316271
6.425271432792
-0.240005586537
-1.086845751965
-2.559969035758
-0.570092962015
0.632523655988
3.159525494694
-0.358288784223
-25.430597023479
0.038693703795
-0.541336092647
0.088084692304
0.204992260108
0.327640736615
1.293135600488
-0.295834026781
-1.178405468845
-4.208235139950
6.266345605158
0.166307227089
21.770293900205
0.657407121421
-0.147332107105
0.219084004334
1.713716196145
-1.000458263669
0.308370080428
15.367972562739
-1.008626128468
0.258558280544
-0.233592024969
-0.048418392635
-0.878532961962
4.242905905013
3.069242858936
-2.341846720424
0.394484439952
-1.799618713478
0.680949434338
0.044280148187
-1.090261222025
0.359201790734
-1.158659529840
0.320934867488
0.568029991093
1.106446452830
1.991592331111
-0.853237158157
0.549035071191
0.031307363630
-0.219136673516
1.608664666573
-4.065880075365
0.512104697047
0.868299094920
-0.718032399563
0.629694845023
-1.087037125016
-0.438782760646
0.688063690915
-0.686708621688
0.049350578473
0.437030785487
0.082348399488
-1.794220351007
0.668884254630
-0.647995080934
2.502350054009
2.671847253617
-0.487714669543
1.402602927249
-5.260093862614
-0.119204355694
-1.491210384957
-2.591276823120
-0.812038192008
2.661890817552
-6.629852971896
2.436169227001
-0.894719118517
2.161399134721
-0.091879673411
0.212403926283
0.728439760076
-0.525906304259
0.590503875904
3.255769599851
-0.240821001795
-0.335035794312
0.306770338926
-1.193251619253
-0.545923963214
0.937079777278
-1.830805847205
-1.599099484006
0.333400846822
0.752941162127
0.009937564117
3.401988973650
-20.858436726968
-1.659253422305
0.721880178969
43.978306633914
0.281446627749
15.869775691648
1.778839067160
1.021485454241
0.076407655588
-1.458308345080
1.439426009820
-1.028965598822
0.334084068183
0.617721851228
0.163354976421
0.103548465120
-0.278563160576
0.887983739090
0.349694071166
1.304093605303
2.582014046138
0.856034401367
0.478928122935
-0.236043489154
-0.538030856637
-1.838123130912
-1.034859506573
5.255470323671
-1.054475061753
-0.529486692960
0.387934382702
-1.112568145586
1.166294171462
-0.517437705813
-0.632957772266
11.249153878535
2.923519493270
-0.057211486456
-0.710656130837
1.262233558656
1.172063327449
0.338510850382
28.158221984403
0.140690839908
-0.273831575289
-0.265991805891
0.890339376260
2.687725768293
-0.200477110985
-3.749222043843
0.214166276296
-0.672549769915
1.292200579572
-2.508089988709
0.016587850766
-7.473939546680
0.108840903344
1.261624734854
1.201536595226
-0.146213310637
0.404571007179
-0.474812821841
0.378333113469
0.189412503518
22.555653659747
2.730792782197
-0.563451385521
-1.462696727184
-1.466757800040
0.684885164045
-2.596573567266
1.233088840038
0.504242994230
-1.769735079437
-8.234529162615
0.618368124147
0.832652299711
-0.465147414961
0.043488530425
-2.831230885925
1.939360863362
-0.920218348560
-1.796321127676
-1.357714448971
-1.919266125477
-0.418007471807
-1.018044838256
1.333323666863
0.272320874533
-0.876190868044
0.239592008354
0.289704923867
-0.664674270906
-1.161054524284
-0.447864419211
-0.210399168978
-0.470924689963
-0.004765698569
-0.883603074277
-0.014594998951
0.029577871535
-0.345974918426
1.170627059945
-0.512418024462
-4.445878825447
1.034373826729
-1.873657573403
-0.718290986497
-2.164869284767
3.527244407400
-0.068718232615
6.869610731749
-1.178489091989
-2.126761515982
1.212554950950
-0.276099915242
-1.083279414852
-1.390459325352
-0.709903220643
-0.698666796551
2.864716090762
1.103808301897
0.117602035829
-1.977961697488
-0.532667129476
0.184318922449
0.137403908869
-0.978357820970
0.259867346440
-1.618226380766
-0.474344858798
-0.256222609213
0.345885004071
-3.463539012518
2.177521091307
-4.146276938174
-0.215323139092
-0.111567761089
0.360677635818
-0.549168783063
0.212938361180
0.775997784205
1.805487430701
4.085932847472
3.061627489673
-1.582629957934
0.274416476739
-1.200229584978
1.380139119959
-0.058761621324
-3.872679843145
0.508855387848
-1.305388187080
1.550034029003
-0.077880064011
0.085439719596
0.807128205054
-0.922418492832
-1.907842863636
-10.338205886066
0.329453720084
2.346079600352
1.317509218157
0.393810469943
2.875452210382
-0.310325131484
0.143271566781
1.138114141598
0.101976672319
-1.033691730298
-1.077573632407
0.619066964216
0.628756960335
-0.853682745396
0.323695501326
-2.020892230409
-2.371735525735
5.318327971785
-1.120610073154
1.579563823145
-1.000531417952
0.221451649449
0.613713698294
0.118227162771
-0.659497628491
0.824615641721
0.401843923543
-1.066044300430
-0.092228947748
-0.405694532148
-1.219136214841
1.234277448092
1.991758687594
10.146225059818
2.012934849905
0.975383650395
-2.281966094749
-0.560211893353
1.352348034199
0.588120762479
-0.163201437504
-0.182624511256
-0.484767130993
0.582063778808
-1.888675035827
0.081856710826
-0.223560862790
0.327657102473
-0.005613877943
-0.241388690199
-0.099677493278
0.720522208908
-33.536357212246
1.319227282237
3.396013068411
1.468424647904
-0.894398063899
0.832978871476
1.213215609601
-0.517790946280
-0.384641701582
0.723902838176
-0.713904468384
2.270734266889
1.052947588300
2.367374694358
-1.543386907086
2.120740723767
1.344293158601
0.312088780089
-1.029348246624
1.279901143563
-0.220474818501
-1.381426084898
0.346658161784
2.539408554477
-0.000993342185
-2.119652594168
0.981901539416
0.415254170417
9.233867566582
0.567397845913
-0.314763653653
0.121771099965
-0.246485999203
0.234312560510
-1.304301286226
-0.798350162412
1.632918967306
-0.347541326563
-0.336173968981
-1.114264479522
-0.051686341853
0.485167676470
-0.276546951626
-0.077913677221
1.185424508667
-0.830722220177
0.848841214436
8.336741673900
-3.860080296183
-0.409938217852
0.549524162052
-0.022745165828
1.576286720939
5.666349440889
-0.792128871548
1.341824886379
-2.389241679741
-0.801600321921
-0.990305988609
4.034796402449
1.046916628875
-0.186470905698
-0.708653118843
-3.164392577840
21.931199208272
-0.579245513187
-0.181054318615
0.209541332341
22.814645100972
1.458410326566
-2.709195108934
-0.190880940376
-0.819724436879
0.231950943341
4.008920775596
-0.405455324892
-0.482258373478
-0.468382549352
0.783753914432
0.078478761855
-0.565736412505
0.405982781119
-1.516350111260
-1.130708252333
3.158848000486
-1.188258821444
17.642752780622
0.029460896683
-0.940420187596
-1.443745080058
-0.461935245783
0.355163966695
0.772367354867
-0.005130170500
10.368010492310
1.012193041213
0.771746726249
0.010538112889
5.092222750030
-0.350914516779
-0.684212222523
0.307395472973
-0.750914721384
0.839221051619
-0.546796468907
1.059947244717
1.278727554134
0.465224790598
-0.031976021857
-0.206738328704
0.290508129892
0.588969662243
1.332877522707
0.214070572797
-3.529796897085
-0.865028176778
3.087013862840
-2.015589622927
1.791495365797
-1.303782092544
-0.880891167828
-4.830263035237
1.294798412119
0.534431139655
-0.110460491890
-1.023108871182
0.071687536612
0.265697686136
1.207294996506
-0.588140868840
-2.109421396063
-1.140395131868
-0.089311475800
0.402212669600
0.603781107432
-0.390211247569
1.519834963438
0.373377472591
-2.996440733064
-0.372590710066
1.161551914820
-0.133946974177
-2.369537643488
-0.335490229555
-0.530541520811
0.440024882139
-0.520325300690
-0.070630548821
-0.233653898118
0.216587053941
-0.376613179713
-2.679297626166
1.671446291806
-0.924023283498
-1.871645592460
-0.284706590684
-0.413618349877
-1.092866696392
-1.349065380432
-0.723489422949
-6.033042648384
1.344192052106
-0.754429001742
-1.609888238326
0.552261811000
-25.935767608496
0.704812878427
-3.485861148471
0.058198184641
0.214714267146
0.842512683723
-2.008025052963
0.388512031873
1.964359907568
-1.880956129115
1.113169073593
-0.520140034141
-2.101734511132
0.040508316037
-0.788574008848
0.577974900862
-1.036933429204
-0.713718972566
-0.803822432130
-0.287970016066
0.129152813683
-3.676859569429
0.186836999656
1.896989087646
-6.617557296732
-0.034797484148
2.778530961978
-0.401467145064
3.915491152752
0.061191541085
0.028362961712
1.165833174357
1.023442518012
0.011478328400
0.312763377804
2.368632386082
1.293232013936
0.919873294035
0.027289927408
0.718395694528
3.019610455780
0.388025205626
0.807379362424
-0.527216483975
-2.781817914745
-0.001223067589
-1.055786691568
1.275412679876
-0.080003547060
0.075896761155
-1.450298289937
0.897488781730
6.719616709884
0.507219035115
-0.025537611012
0.715456258861
-2.921324155743
-1.018982341843
-0.665336201128
0.283991917378
-3.818160076294
-1.100016346482
-0.819868887671
0.525931683204
2.585613615189
-2.117938934294
-2.139369269763
-0.856766465985
0.523313646308
-0.276084401841
-0.685958224802
-0.132442906118
0.143344238242
-3.724169727375
-0.116836304153
-0.208751552623
-1.434719629742
-1.055960314708
-1.498466352332
0.074072932801
1.146189961848
-2.515858196066
0.839143911955
0.237863884144
0.815432929166
2.141065975481
-5.007990585955
-0.935800256081
-0.521552897102
-0.874183735631
1.967050897771
-0.629880639302
0.793649698187
-2.900097298978
-0.509172792122
0.269349499245
-0.864976772509
0.736784221545
-0.920731736347
-1.815196896455
25.229766077378
3.112215057552
-2.325161670685
-2.246347873967
0.314453164561
-1.854257294573
-0.298961930625
-0.706832452718
-0.239229694887
4.838529884786
-1.994988025695
0.737830212892
2.022227302833
-0.535732782578
0.465915909383
2.546928157644
0.543339028772
-0.056565438111
0.570688701942
-8.929108685984
-0.493726350155
-3.669460714332
-0.145990502099
0.146937066146
-3.917609593729
0.804585682368
0.316175461057
1.671240850998
-0.441379827830
1.274342139573
0.457651319882
18.598068415754
-2.142937583535
0.940864486909
0.749158549504
-5.608073252191
-1.044980582181
1.543192827214
-3.050609523208
-0.051773181786
2.086007970463
-0.137931816741
2.245189994147
-0.132445522484
1.282608127521
-0.141760330067
0.594075431220
-1.668313515641
-0.242972329882
-1.177841531355
-2.126398025505
-1.716932724478
-3.441199805626
-58.797476150796
1.015597152876
0.297713908979
-1.121881215206
3.709167162123
-0.120490706067
0.223032494490
0.675754630208
2.228405634270
1.659798949385
0.952507436801
-1.352480413345
0.615999842756
-0.984194757047
0.638730905966
-2.019667562680
0.341555492325
0.818752213624
2.996294106793
0.808044773502
0.025598009562
-0.208164638504
-0.803232416343
0.552414180177
0.436511727257
-1.503178028658
-183.630063667062
2.072160623603
-0.371908600355
0.663939549478
0.045734881721
-1.245099807541
-0.600955371658
9.297534820245
0.927872002840
-0.448591391176
-0.085076209883
-1.896241241656
-6.361328348049
-0.093647880045
0.601810828714
0.573416898664
0.075960856782
-0.283476302622
0.689449100600
1.656167296973
1.208577660989
0.197377205472
1.600765846513
0.359099126611
-4.252464207172
1.206395537374
0.194108806471
0.543149437963
-1.202648381303
0.264129939176
1.142010918413
1.797961345200
-0.087523862281
-1.717941088328
-0.381189052948
1.702822574599
-4.563280427732
-0.361291262371
0.509649333015
1.137835354471
1.031749282216
0.096088444616
-0.147844231205
-4.638494782341
-0.313539411986
2.402781309147
1.524910389986
-0.766764819207
0.849965725272
-0.083067075584
-75.893042079350
10.199790300839
-3.512102461327
0.735111155289
1.356173611465
1.385633562959
-0.881200476495
0.160907721213
-0.711102253758
-0.191406530159
-0.560578173002
-0.327297580453
-1.126874183667
-1.247194603763
0.611272367831
-0.378494534308
0.617985225774
9.973060532032
-1.411055763766
-0.773201926667
1.343896428266
-8.934240468006
-0.729044449702
-0.838552457286
0.598626925951
-2.068218243909
-0.355356518936
1.058914077148
0.555634603486
0.073958262369
0.581304719476
0.502080231795
-1.106234358752
-0.402937634175
-0.104430318472
-15.564175559505
1.672422539186
-1.271078844349
0.167208841991
0.001977118181
15.656710156823
1.321994787201
0.943049478679
-1.515562488578
-6.693429753850
3.715608964509
4.474733839809
1.268231503380
-0.531515211982
0.852105369349
-7.607398438992
0.742425301049
1.337156512138
-4.829104160056
-0.155128049772
0.166776776620
1.982547535206
-0.214594117180
1.651028254408
-2.392583411084
-0.103344626681
1.929543803567
-0.940171568688
-0.038447410903
2.162554859125
21.932756408744
-6.578629856585
0.322069571667
-0.601621481272
-1.361720391269
0.215141937037
-0.182731883114
-1.308745587394
-0.608331423777
-0.181330822132
2.319419579208
-23.423049849893
0.577461074331
3.391174045846
-3.605877234214
-0.930555513439
-100.000003164229
-2.299200629169
1.531674466646
0.393500687182
3.988839608305
-0.935058726253
1.237879212928
0.820595362537
-0.312812763812
-0.589621694757
-0.145142643500
-1.835434810558
-1.387833281397
1.733754278140
-0.384370723677
-2.775617770394
0.299698445749
-0.987833203207
0.548276215178
0.928952656160
0.279248870331
0.857462144447
-1.376516361137
0.232149492410
-0.109960245841
0.556480388281
0.652227296436
0.107045235846
0.923319870186
1.368728144368
0.118577219335
-3.000147034708
0.246125581450
-0.241987773358
-1.926584295540
-1.069229654286
0.389489055043
-0.050979619749
-0.119186424037
-2.734326160643
0.931444535647
0.959984922828
0.338228510929
0.590856938022
-0.615421416774
-0.026633889322
-33.408843947242
-0.656148111911
-0.923892425594
1.544575459171
1.434811806624
-0.825523132172
0.068606148170
0.298497135704
-2.347081315248
-2.927853377136
0.394964909284
-0.478039249734
-0.175965614946
-0.294965058824
-0.266255792780
-0.995778284594
-0.021468578989
-0.818945951815
0.805828038310
-2.000696708568
-1.510704993136
0.785984459643
-3.402935682651
-1.119162446174
0.349602884752
0.260354825566
-8.082014590039
4.813950375815
-0.662002332721
2.518594864699
-0.133836993906
0.473521402542
-2.231395054095
0.364542849078
-0.881196279428
-0.563303872132
-0.224714354829
-0.391323613676
-1.053057484698
-0.582279103822
0.350986759393
-1.199179098510
-0.423100858115
2.885275362741
0.613775424895
1.852346674496
3.757760659177
-0.417793037072
0.893926010251
1.451484696239
1.292785747795
-16.871258211727
6.608095447350
0.878663808534
0.010701223999
-0.303452868544
0.524002389807
-4.534240399851
0.461635644238
-0.341527652705
-0.228544760572
-2.362875478935
-3.696803913485
0.340290556731
0.024467044193
-0.280337678386
0.784527404230
-6.274976515694
-1.261557329558
1.785241654414
-4.007216640673
-1.444835224361
1.354110263257
-1.115193626014
-0.340360629782
-0.738285238101
-0.140076125782
-0.717747491970
0.335960473330
0.639219811430
-97.603103598285
0.668122827707
0.625406718375
-1.502571596868
-0.217105620976
0.583547371663
-1.189932388156
-0.788231253067
0.910785565570
-1.081940736960
0.671953747032
-2.080069187639
-0.344463846807
1.249947133051
-2.822003129910
-0.594112770925
-0.015153635757
0.248229561098
1.268794268822
-0.499820974955
-1.252997623390
0.232192052362
-5.091979696411
1.007778664329
-0.174724234620
-2.103439573546
-0.093718360754
0.106324723966
-0.958850244379
2.221205355323
-0.767392061198
0.407261559058
-2.212247375064
-0.492655726482
-0.650620662466
3.421230127528
0.120990385470
0.560833101407
0.133855232886
2.391864013176
2.482933207024
-0.281524080261
-1.753173639813
-1.288568300296
-0.817035843777
-0.325859754012
0.234765548336
-0.107902684994
0.422037086313
0.865169577943
-6.796758964269
-1.789407221081
-0.526509282439
0.899282264102
0.667686156071
2.703364489905
-0.480108058421
0.257931276335
-1.784718915338
0.040514059213
-0.681089154084
0.428397566261
-1.017474403288
0.607289901207
7.664736759833
1.464900480269
0.205996225342
0.668489089042
0.820130577986
-0.911149274769
-2.240154354643
2.195716099146
0.027826364791
-1.247791590126
-0.916868514110
-0.512075536392
1.006377828406
2.252609644918
10.900230981042
1.022973674744
7.758173051221
0.607427107476
1.657669430884
1.814532164040
0.108317742684
-0.006725603722
-0.700896837695
5.350699637548
-0.424044946056
-0.925231578318
1.444183363177
1.967204926089
-0.724027390064
-0.121871137268
0.089282114442
0.685818544929
0.372433104503
0.717104229835
-1.095882216412
-4.315023878712
1.485933589839
-0.967455371083
1.275325424559
-1.596413457855
-2.933652176862
0.770483232683
-0.299282839256
-0.572178782364
-0.414278680627
-2.352046468524
-0.058128774864
0.978341945176
-1.306199844296
-0.555523141845
0.383057332877
1.024768645185
-0.284363146732
0.319996541722
2.355553733412
-0.362251162531
-1.202512005403
5.792284796269
-1.023580982520
0.105504751652
-0.205217266547
-10.618698677422
-0.245620865488
-1.692033564459
1.286039202135
-1.235807166726
-3.176005273797
-0.591651597527
0.199778171885
1.017991611881
0.417788381946
1.606636882630
-1.035789424436
-0.413980673220
0.050017655714
-0.171980217569
1.016185205130
-1.951860631288
-1.436851288055
3.505687050196
-0.613086936902
0.703152427488
-0.512562394664
0.874147613631
-0.447517334983
2.167333187908
0.586937956695
0.077684713208
0.443517265064
-0.141003888080
-0.507003020342
-16.342068058412
-0.696524583563
1.784514743790
-0.021432875709
-2.003974355227
0.876035584658
-0.505891652757
-0.499663266167
-0.811029057768
0.563806186899
0.232643540216
-0.581901495041
4.635098785057
-0.074729192558
-2.333777248398
3.780263271242
0.884087332122
0.387652735207
0.247147185891
-0.734161241789
1.151016851474
-2.337002578223
0.478531208500
-3.908163258911
0.804895982069
-1.500845757874
0.923342195569
-0.700647895377
-0.761518932298
1.348781928035
-1.158873215229
-0.888855802712
-0.224962280500
-0.494888301381
-1.423873965792
-0.089993828125
-4.334984303632
2.430320107727
-0.691955243159
1.533550160781
1.512935789295
-0.959202484904
0.151634588363
-1.136096926964
-19.120593099617
0.639785157517
0.498169188334
-0.505560460865
0.783642465113
0.320246318255
1.168936654308
-12.887704934651
-1.287601024397
0.255073714854
1.133598589237
-2.593121673541
0.108205181359
2.520509682541
-0.749678599426
-0.012850610673
-0.032387631431
0.372956781062
0.147968842281
-0.955583607103
-3.420303602872
0.210411948306
0.284958968440
-0.393695529963
-1.683636541745
0.285308356378
-0.086951547407
-2.159802501997
0.605953774070
0.280525064288
0.082210157607
-5.345661965314
-0.621683912907
-1.702883952975
1.201949141792
-0.002081078946
-7.192065086372
3.977595625842
-0.307609621230
0.181015362015
1.453455336228
-1.131237530719
-0.668154383646
1.510312361906
3.182109749797
-0.780178748369
2.221890398699
0.265584884516
-0.058067807149
0.189645822770
0.092373888574
-0.305819228741
-1.322539023756
-0.752479521558
0.574297216060
-8.715398084485
-0.212239500566
0.228224117138
-2.757704179608
-0.199177708496
-0.523194326951
1.397080777245
-0.155367330113
-0.254356530292
-5.982379956113
-1.033199650367
-0.114496758441
0.361913109389
-1.154630597134
-0.005421516214
-0.786475183977
-0.237804488145
-2.875652880939
-0.500713214092
1.913892917167
-0.529862109840
0.476605362135
-0.240252581728
3.963562128130
0.312213367404
-0.141431446257
-1.804571933328
-3.723522586246
-0.354708778674
0.241691888537
-2.049175640161
10.019118100258
-1.178274159147
-1.507182784784
0.199309460691
0.752279350143
-1.433984857914
0.747641564443
1.114800082760
1.047548172875
1.916175077463
-0.141023937418
-2.084624411397
0.544253585743
-0.545263595254
0.667228923241
-0.623053309764
0.530292981170
3.822236478963
-0.356237717243
-0.251469694303
0.063807550325
-0.111502164330
-0.894757130562
4.018869091777
0.549025484643
-0.985134911510
1.685919839643
-0.571527898229
0.239174119592
1.167629448401
-0.218560442885
-5.595730087024
-0.542415887442
0.727226153618
0.105146122464
-3.788871019466
-0.878645330500
0.622491573405
-0.560627748258
-0.777424247023
-6.877354930863
1.175444424183
3.100751060456
0.046015305423
1.033782170632
1.717640734522
0.885555831591
1.523719605072
-0.062681472987
0.428246524103
-0.980455434274
-1.980253991348
0.225240965179
-1.136645698768
6.142576064266
2.853788538465
2.436924057094
1.785723979904
-1.013422190090
11.614113709077
1.942491533418
-0.849248733466
10.382966574115
0.080844402411
1.283568830011
-0.931477093506
-6.047107175173
-12.963496291996
-0.739212017318
-0.529267611072
0.177324530932
0.497199353505
-3.391555015170
0.734737660432
-4.396218535171
-1.200258624253
1.959708102070
-0.734390710950
-1.217424357462
-0.307091519565
3.656972159923
0.123702988044
-0.361946457157
-0.404495873872
-1.437104165315
-0.160870651967
-40.186531452987
-0.236584448532
1.099269277590
-3.639898477604
-0.217752146910
-0.078645512251
-0.087804506815
-0.236886273351
-0.396617969050
-0.892688304093
3.256866851102
1.146139276988
-0.062570458102
0.888926215779
-0.755586978730
0.998561779266
-0.378891580226
3.886330269550
0.678484074657
-1.827833507594
-0.028471684480
-0.229564823099
1.384505208593
-0.569087016941
0.272167406080
0.618926749937
0.124610489751
-0.137839613530
-0.495986092492
0.104443602322
-0.676066897932
-2.816797084141
-1.515867129967
-2.221939587947
-0.473006984485
1.879744544339
0.118489064971
-0.045183326515
-1.349236218782
0.354333671360
6.238855865200
-2.147590090346
-12.048639650104
0.151612275578
4.702093396385
-1.890567063963
0.002659029797
1.485789278666
0.242631625520
-4.633748653920
0.799864858473
0.523394716825
1.852528981388
1.847707863047
0.676940014594
-1.668277858658
-1.414224291365
0.247359161001
0.704830562967
3.954762620893
0.777520344286
-0.504193939232
-1.733537567865
-0.273045882796
-1.134929358549
1.193503279715
0.488270830364
2.090092857595
0.609842484318
-0.387537062382
0.063255033855
-0.564402306163
1.015479424639
-0.595484790965
1.258408927175
0.495278009995
0.919533459433
-3.418057479839
-0.620298812003
-1.226659582925
-1.845848170155
-0.185780477463
1.735041014780
0.349877348185
-2.106987201914
0.115788039782
-0.222614915567
-11.474310691385
-0.234838438258
-1.365831481231
-0.369044713532
1.407294835762
0.622706289689
-0.387219116014
3.718457394072
0.875778535281
0.312180324899
2.817622794205
-0.067422532629
1.321031272949
1.331865674608
-0.650920000447
2.917376893006
0.296760930951
-1.749167507541
-3.868718538086
-0.233320264033
-0.697293711306
2.516333795980
-7.162417375187
1.428117379680
-31.171200902069
3.221618771337
0.949628749039
-0.545474414234
0.429974957336
-1.662390482000
0.914330804088
0.691991946348
2.633111719106
0.323542034703
-0.318070711970
-0.238986512599
-0.327591630336
2.013886755087
-0.924555285330
-3.131928537664
9.555148995677
-1.569037944727
-5.328763124791
-3.046907554310
-0.903627544425
0.473268533908
-1.314711606584
-0.023847778008
0.877131950858
0.076851353379
0.163606019038
-0.297248416529
-0.271508032605
0.375041892001
-5.857450063820
-0.947920945820
-2.948996725051
0.741165214323
-1.385172637539
1.160168288362
0.517461356550
0.097025358517
-0.570602567262
-1.555047042900
0.079476937411
1.219355603379
-0.341497425294
-1.049295408402
-0.460583033538
0.628227492467
-0.520978855497
1.635716371286
-3.678634321001
0.020675361632
1.072412037609
0.502077061800
0.695725488910
21.063478538358
-1.854061472281
-0.048156697425
-4.247539716469
-3.001810072553
0.003371355970
0.389370767114
-0.316732180815
-4.563958664241
30.214211969200
-0.245890228752
-0.078653054926
-0.472398080242
0.147909331905
0.592067144716
-1.828393360184
0.059862296131
-0.783303593802
2.198734733532
-2.743403711653
1.634185936091
-4.585530037474
0.757545363297
0.179134414872
-1.291557065725
-1.107295777867
0.270819893475
-1.158110130055
-0.953449081674
2.362546098693
-1.133053075330
-4.389399794810
-0.885735942121
-0.459293340962
1.267538502926
-5.817531622191
4.870392580553
0.670158272108
-0.599015107760
0.097330275214
0.618270650631
1.225529680098
2.194957825652
-6.270307324843
4.035383016208
-1.688559097177
-0.823514118041
0.286269926851
-0.644109027315
-0.385650734229
0.659294294464
1.183634503544
61.118129284299
3.698344525467
0.108678975121
0.463999534218
-1.118057138409
-0.246555962484
1.600307298531
-8.500823855517
-2.336673617512
-6.306642781598
2.282039859247
2.005106141511
2.512477282785
1.408989126114
0.323303045838
0.026283995029
5.748942109824
-17.695703412738
0.136659557958
1.587331276875
0.974427417965
-1.718989662735
-6.153229655555
-0.048999540088
29.868672113016
4.801377003263
0.335813944300
0.489106280594
-2.164301570496
-1.103198304390
14.453684738842
-0.141266329669
4.645231631915
0.019167783131
-0.154206746491
-0.038343102725
0.664858572593
0.829829703559
1.532912523308
-5.420650256990
-7.922000104369
-3.338364217843
0.116776846656
-0.054532265225
0.249542698337
0.004633582492
-0.783542736718
-2.953062498083
1.962463162207
-0.230037498030
0.041262600545
-2.588705319651
-0.319378499882
0.448989718609
0.333674034668
-0.407683106290
-1.993324848885
-2.447219830366
0.045218669498
-0.347688290034
-2.628085353471
-45.848315358520
1.438929176473
11.272897055214
-0.240491941714
-0.172617951243
-0.046041566958
-11.886471360181
0.065871393523
0.143749805416
3.814187735226
-4.083398582553
-0.959607243344
1.234882348891
2.353219385621
-1.907152286236
5.415957097886
0.508305125148
-0.606257348177
10.258145117523
4.930055320500
3.259724033959
0.312081880889
-1.062886507942
1.164651344089
0.639092742527
0.857724576167
-0.082770477284
-0.032256421892
-0.068228223038
0.304036468680
0.883504186405
0.789855460039
0.114877357786
0.493287689261
-2.196278122025
-0.841433585776
-3.673798156075
-1.717796290389
-2.188924043105
-3.556507673488
-0.350716435051
0.261932721929
20.839537206990
-3.458693183378
4.899915010106
-6.955054157419
-6.225284712107
-0.146009941748
0.173018185350
0.752651814080
-0.402235524886
0.124725001670
0.112840405374
-1.178695018442
2.234442205813
-4.369227026951
1.122325727645
0.141923541414
4.946427024260
1.431031622861
0.379254861512
1.708529889615
3.005364685909
-2.276670511617
-0.296098428780
0.281665548096
3.910804671619
1.672670479012
-0.852694184551
0.476991864089
-4.882637635704
-0.938570941185
-0.136573285320
3.239921320120
0.234489827884
2.201012060360
0.013826869819
-0.807241878793
7.611344155991
-12.787539268390
1.032945036093
-0.396891325153
0.824029419449
1.681868055854
0.637425611653
2.224771137932
-0.477605313093
7.044084431047
-1.340430015537
-0.386039137325
1.568029070170
0.420753395774
0.447233951644
-0.502178736747
19.552324579946
-0.127586041437
1.387910236757
0.800329416859
1.382419947888
-1.208781793829
-0.172030398238
-0.185013624135
0.142575475936
0.109398782577
-1.964757032791
-1.067563324333
0.406416772748
-0.544207823074
1.155754368302
-5.147102690257
0.385045957243
-0.422445650060
-20.875173520941
0.563717722515
-0.867625534072
2.559441554579
-0.203294876866
-0.389747538411
-0.294557091934
-0.670665414406
1.033414101221
0.131908290733
0.756612862655
-1.402108662494
0.105170496140
0.419896118085
-0.530813452977
-2.361866851786
0.758607662240
-2.714296313559
7.380278275854
0.933361160304
-0.573234289283
0.034497056386
0.926916475831
-0.062883623146
-5.109445541187
-0.355362594149
-3.513731373827
0.075417332918
-0.863523404215
1.725293383650
0.051707764204
-2.635107354442
-0.350531095197
-0.316363499340
-2.586968810137
0.519790354957
-1.098034405186
0.928874227999
7.411443113749
-0.429282892700
7.224027560514
0.104015407618
-0.506090620090
-0.312395368543
0.741145331074
-0.578403061366
-0.401389832972
-0.446832849877
-0.194166273778
2.198081706031
-1.056282946152
0.273440980163
-0.778275562938
1.482940703435
1.271520921940
0.442204471084
1.235078332724
-0.097979083126
0.261165836625
0.067888490822
3.049872088171
0.167253623964
-0.226024113690
4.001867870347
-0.438458566933
0.080650457343
0.036987073421
-0.676323283473
-1.102186071949
-0.113556515261
-0.028341445711
2.551726701217
-1.362986567574
0.461541022824
-1.012080311000
0.806861304779
1.974681157744
-0.585172889145
-0.765488325812
-0.134449740392
0.543061846830
-0.387672620695
-0.307360376517
-1.043642452164
2.980174958769
-0.112607717051
0.402892783175
0.414970903512
112.413009915674
0.640645854588
1.476425213930
0.822527162863
0.310363329257
-430.092822737207
1.641264494143
1.629425472340
-5.133308830175
-0.231425652441
0.321003665815
0.201269509376
-0.259924077076
1.065121889555
-0.100544720449
-1.054999090928
-1.700052987565
0.309005861069
0.686812974364
-58.622414717747
-0.178341345709
-3.906687310370
-5.262088622581
-4.430070742920
0.052175697364
-2.733056115591
-0.752175749289
-1.609441647781
0.115899850401
-0.439123341863
2.609083752676
-0.184478563347
0.496769524169
1.266351923188
-152.448259655736
0.127797997908
0.954198151377
-0.750308319127
-0.205703913255
-0.872203807326
-2.354219909047
-1.139685921304
0.023773676327
2.537882625646
0.479978871519
0.239695514863
0.071399979198
-0.186227539185
-0.207639543306
1.693332882981
-0.241249809531
1.780519224590
-1.685076094421
0.894741413724
0.384594070520
-0.297500603210
7.851712540541
-0.675355542404
1.044049500378
-0.431502738943
0.612945616279
0.869916327717
0.630557622864
-0.577107711768
-0.514402788154
-0.116038869947
8.740080084398
41.263906432547
-0.361885905906
-1.036024316165
0.339849548170
0.557095039953
-46.225968391563
0.479765374425
0.433039405010
-1.025310195144
0.819972466242
-0.318683540624
-0.687419568238
5.146390699272
-1.077837633570
-0.419411540766
4.296009160563
0.943133169680
2.791523885668
-3.140672440117
0.387558833098
-0.020445500290
0.046841772581
-1.408768365673
-0.113337239456
-2.556739908375
-2.576651560123
-0.396485405233
0.634297811215
-0.659286521875
1.580085096936
-1.029785844892
0.740804718107
-0.477680553599
-0.941447294915
1.906321753759
4.218570808540
3.065599698262
-0.749879853071
-1.528777704744
1.589178496768
1.258778397856
-1.180502290095
-0.089561341518
0.337630535601
0.192989782163
-0.779445874114
-0.010483280228
1.410085330519
3.339673456808
-2.295689013784
0.394056907775
1.465762570785
0.858780605906
1.261052021338
2.774586035522
3.047460670262
0.389217797436
0.676654781031
-0.329447642383
0.505676634226
-0.877319561698
-0.001517831393
0.469152483265
0.296006914092
-0.921693357316
-0.385377314795
0.207368907041
0.674752131679
-0.033253791139
-0.753478865849
-0.505609718806
0.649228298341
-4.268355190184
-0.376903415123
-1.331452241931
4.600294146904
-1.228458599352
0.990294371551
0.564603690527
-0.993243158633
-0.435119792785
-1.743335983025
-1.507992370929
1.915968295011
0.439528739705
0.416245243234
0.411035613880
-0.090032429649
1.193088298197
0.306838740232
-0.245599425149
-3.007099685772
-0.667594450589
-1.602589912288
-0.853326268958
0.955660008599
0.684122522919
0.469212660501
-0.390556104922
-0.373368637749
-1.198270628058
0.201970563358
-0.083785502654
-0.112798318920
2.180514143093
-0.284363367828
0.078715891048
4.194479027473
-0.179703243824
-0.268613042050
-1.428853556572
0.516862502496
0.887774344868
0.995256580284
-2.698938655659
1.660977258130
0.076684719210
2.863347905568
-1.507324215178
-1.007839214019
-0.741297019739
-1.610469182723
-1.091791568670
-0.914312318511
-0.799454444906
0.095341935866
-2.586953188166
-1.057860715038
1.739960978881
-3.030449499327
-1.475327266301
1.491790804035
0.910257319115
-0.190735672194
0.306392090783
0.396179537375
-6.759548774004
1.173914888122
5.924525455120
-0.819214209142
-0.443104963194
0.287463872004
-1.640355317480
0.131155108512
-1.496718425483
1.010117668973
4.192064501944
-0.069803765356
0.135134561567
-0.019852187427
0.007184404050
-2.936867683476
1.626325529064
-0.380315245797
-1.310798441466
-1.749357184335
-1.230734069043
0.324622669360
0.687918680883
28.725354498720
-0.666766578729
-4.417647133264
0.364050769162
-0.224936009177
2.110840512946
2.254942501652
3.350690330508
0.305889819180
-15.790558538138
-0.808853442150
0.988128314041
-0.319029606807
5.300588387831
-0.906630717793
-0.025877969213
-0.524414066485
4.071910255886
-0.124205325658
-0.571729976305
-1.004650359149
6.162124444683
0.286133181432
-1.210332501064
-0.709878745872
0.586342050650
4.948937216517
0.301699887370
1.147958700830
1.917822432534
2.181843151874
0.450272830368
-0.658003661914
-0.179599922134
0.098739763602
5.506438782912
-0.113875884137
-0.986518340020
0.934096830152
0.650538676695
-0.531755549561
-2.067573501973
0.266748585086
0.580145105331
-1.691620362484
-1.631916826020
1.647098052154
7.531808702451
-0.323627072661
0.062333637361
-0.356332614320
0.488574343788
0.720594060010
-2.389071400898
2.826246808978
0.510781366747
3.164806062928
1.532596175841
-0.215591396644
-0.143372196255
-0.137753555813
-2.161803772787
-0.872580598855
-2.090015583841
5.644241991464
0.327202114671
2.297867588660
0.760395957829
5.513895370308
-0.645105046990
-0.820289619726
3.181413681308
0.683460395068
-0.015780466863
-2.338292184266
-1.061977087128
0.432765754119
-0.271257748846
0.638096762543
0.100912404603
6.362649726114
0.177320565616
-0.170273962508
-0.508904203318
-2.126652953717
0.255414575205
-1.215981964060
0.128206430681
0.861052790796
4.319742694219
1.361226125767
0.115928472567
1.259789793764
4.618449332772
0.629529534945
5.500743250883
1.599804315354
0.268053070367
-1.961903357035
0.998500871339
1.324811237884
0.484724673365
0.175016227540
-5.295272027567
0.094141796038
-2.745290331159
-0.464556327850
-0.316267358436
0.833230427506
4.786190421060
-0.226882596513
-1.275353979519
1.340899724420
-0.027168136237
-1.225129100499
0.173941875058
1.755983848510
133.398282012112
-2.350194373567
-6.992317109646
-0.673921390224
2.171729456147
-0.228613582768
-0.378695308282
1.079001733238
-1.105533583755
-1.277478440165
-8.335967455140
1.944205491251
-1.379795636050
-1.050621751089
-0.282730385601
-1.267743632931
-1.030311660549
0.114207289946
3.055716547180
-0.446194906774
0.225542470984
0.323267999661
-0.520785535377
0.022373391395
-14.200153565265
-0.438606002506
-1.761660109074
0.169640748612
-1.579706971675
-0.516816165106
6.644417124762
0.369754018391
-2.110187491416
-3.372303758522
-1.562867019563
-0.714610769832
0.264299687234
-1.784876018726
-0.759915362942
-0.168146204622
-1.970241535463
4.127479377322
-0.463536416739
2.765881810738
0.560769539988
1.023241181331
-2.316101630241
1.122005554923
1.276767582275
1.249538143697
-0.042514340553
-0.499863349738
0.260765426550
0.640444878542
3.919643466536
0.686761478297
-1.660101184332
-0.628336821194
13.776829824443
0.645023629501
0.247095762124
0.284812044591
4.252392034389
-0.333787044392
-1.596432115238
0.017276641322
-0.499033111853
-1.526117864032
-3.404224777278
-0.941193024418
0.270415031201
0.194853044315
0.498420551036
0.787754086671
0.663153034052
-2.597319929329
-19.596838254483
3.198891321030
1.711433371940
-0.071706958807
0.338661348517
55.883429442295
0.507306703460
-0.967051699338
-1.745253932747
-4.279504412214
0.409368913118
-2.415946212103
-1.341443609413
-0.216819866757
1.313857462747
0.271760124027
0.904264949521
1.134397507724
-1.366511642466
1.489638040526
1.728421744755
-1.002271059714
-0.340285383932
-0.106305580423
-27.176217760292
-0.236813432629
0.779549389527
0.639658232596
-0.094746672645
1.024986650302
-1.105982876896
-1.533015240555
-1.598697805945
0.468439229984
-0.354989887190
0.021885729537
1.248949237583
-0.980493840857
-1.873074175208
-0.415342938916
-1.059900964802
-0.010643862167
4.740474223943
2.588645430068
1.459168762024
-0.645116234354
-5.272089153564
5.241411103382
0.462441299936
0.617142585317
0.019676572107
0.228962550581
0.094036899411
-0.876059420238
-1.141981538969
2.668571780155
3.220873313962
-0.375710284297
-1.026152135134
-0.448130311583
0.252432319140
-1.279769101253
-0.162439457732
-0.062504254913
-1.225640821808
0.383008382120
0.092181963057
0.606744803475
-9.466980867177
-1.151241658971
-6.752891617935
-2.101496406323
10.050080792747
-7.553522055461
4.073293412910
-2.063419131636
0.947600877283
-32.974953038386
-4.069959529268
-0.445277382242
1.598281869635
-4.765790959483
0.244848833867
-0.062238643151
-2.627655780698
-0.164340637056
-0.704675125596
1.241903698764
-2.014558162362
-1.495977170209
0.657443834373
0.882684638888
-3.499857774550
-0.309215759102
-5.761931460881
2.201475632923
0.577781849662
2.377958977712
1.445912969785
0.532577754815
-4.816246824425
2.118193114940
-1.076046818539
-0.217793848553
-0.033640448724
5.653240884526
1.617435798067
1.495111186022
-10.499151316878
-2.275014430820
0.088877460789
-0.260895787282
0.181763881033
3.687383957759
0.046991010998
0.044933093133
-1.223953829820
0.131486932599
-0.740097837035
0.672062356547
0.379474578044
-1.763196065528
3.336244882233
-21.084494375418
-0.524222136190
-1.130722123519
0.530227556400
-0.341604458173
-4.729567123362
1.847186073098
2.091147660464
-0.395668317555
-0.139105185490
-6.275134608903
-0.216949399282
-4.931628556558
-0.549894952054
-0.933429357349
0.460691132297
-0.111761536498
0.044728512168
-5.054210758333
-2.261841792781
-1.317406343052
-1.809824415285
-1.001837318609
0.285425808429
-0.863056298247
-0.056539353110
4.383673395976
0.161700294858
-1.561585723126
-1.383063181770
-2.294112036169
-1.710691753057
-0.791862817337
2.482481168008
0.810606237036
0.245539004641
-1.485597071200
0.218999412384
-1.510002084656
2.706128300778
1.317516202606
-0.443987695479
-1.679313581019
1.106093714265
-0.415764337635
-0.698790555495
0.509204490715
1.628335338015
-0.633801832187
1.885353245331
-0.750956113904
0.721757267914
-0.133383788021
1.437815159117
0.659601240966
1.744899113202
-0.016217908723
-1.063512081884
-0.020768854509
-0.231502814775
1.146939502893
-0.658654006817
-0.818192180775
-0.983259292304
-1.655560437457
-1.253826012720
-3.092269090612
0.133922015876
-1.196927809403
0.407484957345
0.270980438632
-13.693604291010
-0.585763516784
-0.178557665759
-0.564302494852
1.034230712148
1.551326276653
-1.528740071068
-1.474809375827
0.770989212026
2.695562123063
2.142959697754
0.496195280968
0.344475169039
0.116669279703
1.517999454071
-1.137215860641
0.056431123000
-4.640973046506
-2.899200613511
1.491284270920
-1.923656949925
-1.414559745882
0.953665281166
0.258815090684
0.305956841094
-4.528072923138
-1.332464708166
-1.725799045787
-0.378596850907
0.027305807460
-6.150682584228
0.038627794844
0.845833162642
0.546218309496
-0.760223606503
0.330956926652
0.858176995856
-0.479461742506
0.098195659481
-0.516765876743
-0.060268798455
5.489629704899
-0.494178418108
-0.418356613421
0.381194595784
1.499915778183
3.549272176316
-2.111390339975
1.258759184476
1.196335102928
-2.494096241162
0.868776326511
-0.004997573774
0.265993552719
-1.547264796353
-0.512827179941
1.132084672555
-0.223993766000
-0.717258450114
-0.145484092048
0.761792482165
-0.482150313503
0.050039768468
1.026011711979
-0.794007198517
-0.611292628672
0.464870600006
-0.630027865021
-1.263266740834
-1.152683183233
0.048368716304
0.495843514306
32.675353318767
13.281889588577
0.046784980149
-1.104892935072
-0.918769957178
-7.527686453593
2.606364904900
1.172716137543
62.454828267597
-3.036965530530
-0.240998812726
-0.358187541665
-1.443393827131
1.057044282212
0.556178526935
2.017881153993
-3.987007813623
0.516283367879
2.466479900766
-0.332507067873
-0.806000507982
2.658099632841
-4.975306799565
-15.999105936064
0.925931959142
-0.034492378876
-0.261799712297
0.813535177303
-1.168812738442
0.053233522418
-0.402974845720
-26.631977489050
0.165354122020
-0.529993655438
-0.735144964455
0.568599027639
-0.112476898233
-1.584232750657
2.470907063240
0.366242874761
-0.089758171829
11.349483705152
1.897428297348
-2.237164293588
0.331329492737
-1.628379025797
-0.800456264323
-2.245337868823
-0.439645438099
-0.306785812867
-0.468759684057
-1.274786153707
0.262546966779
-0.993168245180
0.932923993368
1.789330027067
0.670724858788
-0.711656976611
-0.164767942358
1.285442244535
2.809021509844
-0.072057839339
0.298233645315
1.440291468564
-0.214279224865
0.296770817069
-0.156509686889
1.220830513663
-6.624234269997
-3.275965127480
0.366989889113
1.017282526643
0.442619049411
-0.053879322351
0.887495165832
0.817643859906
-0.102648113970
-0.638476733812
-1.360698226890
-0.574395360805
241.833031248791
-1.476166460847
-1.687927467307
0.587455190169
0.197002883182
0.146134635967
-2.959094803891
-2.658601360161
1.561762566282
41.277173111332
2.294672077565
1.443740114047
-0.933779258890
-1.292354332935
-1.402135682437
4.787578938214
1.485998089067
1.477947302911
-2.502518836744
0.572125831960
-1.030376503893
-1.862570611311
-0.322704444269
0.709287610591
2.882924292196
-0.278510039336
1.880710127995
-0.308310508071
0.130625232416
-1.667859328887
3.609050138828
-0.787039492653
0.724177273969
0.171411291092
-0.432805636416
-1.305834694501
1.205905229847
-38.219506893455
0.755821053154
1.862936720814
-14.945216781359
-0.503535614995
-3.544524388744
-1.527897641272
0.833256065318
0.322692024272
0.313679764395
-1.180138820700
-0.053505495437
-1.067015794702
-0.965737419173
-1.024234682840
0.240568130201
0.527630304128
-0.827834432252
-16.867562596393
0.124357467527
0.390780730130
-1.029210965261
0.045259360696
-0.240425399642
0.053253376710
23.042040975703
-2.230035404603
-0.062523248355
0.103364975289
-0.411671930732
-1.163338016199
1.593272966889
-0.146824428939
1.474799345144
-0.534553189843
2.244474640806
0.389766340034
-1.211309369320
3.423617633615
0.197897384898
-2.102568663533
2.884698783786
-2.530775578515
-0.286430734597
0.772367293156
0.145593851119
0.324871666528
-0.357395928381
0.353666917331
0.048550399430
-0.724803175322
-0.779269212263
-2.372325941309
0.744573292298
0.245114156329
2.057233697145
-0.785967161287
0.069601851034
4.088336146661
-3.702271970639
0.021873717656
-0.151211209302
0.337420452456
-0.211636539694
-0.468752177306
0.537354553925
-1.961854983804
-4.967629306835
44.571842854264
0.170680064189
1.911378004985
-0.893432626696
0.115128415078
0.460042611157
-0.267708966693
-1.282273274560
1.764710496490
-2.886262652003
0.754703797629
0.570867130912
3.004297553847
-2.283359272147
-5.971660544167
-2.157756508642
0.215964917482
3.496000870095
0.111912131313
0.812609812608
-1.571797180964
0.349973626509
-0.024357786332
-1.324265358447
-2.095742007500
-0.706425882145
3.048555966119
-2.042685875248
1.148406949652
-0.736897538287
1.594206443379
-0.237661041778
0.559692270492
7.877452143095
0.222032795859
-1.056373496387
-5.882810490704
-0.310101696480
9.636954950653
-0.520534018237
0.221737510206
0.547094699982
3.487835152346
1.875885887103
-9.356551394189
1.109920789787
-2.935737187202
-0.462661235181
-1.163581710174
0.192903376250
-0.036341100472
-7.065574572047
1.683791660174
-41.502876849109
1.457092808993
0.716221052970
-0.798626610032
0.502346058841
-35.216881670618
-1.382179151312
-0.190348824195
-0.466860214210
-7.680987259641
-0.332889488946
0.128757722848
-0.935613923381
-4.537641164080
0.292661905286
0.493394319744
-0.455584637999
0.029644775705
-0.518237402965
0.148852714083
-2.929858300849
-1.527487006847
1.250704474750
6.185956827644
-3.012485351911
1.141679938385
-2.460061562744
-1.661559687785
-0.024976650202
2.286034480002
-0.436140516221
-0.514083000395
3.401629363059
1.272644541627
-0.320532069214
1.835640966324
-0.502500453313
0.376701975530
0.183095322896
0.461266271906
-1.022881084937
-102.885903579786
0.103876737129
-0.786103541614
0.018981985555
-0.940934850415
-0.068276806929
0.524558353364
0.489544364660
-0.218164741795
-0.870002466511
2.789088739225
1.083959129391
-0.548684891113
-0.284516143070
-0.381909507308
-1.050224665631
-1.793275101327
0.805446267082
0.727409040528
0.265373626655
2.248680583585
1.927033221305
0.171499524265
-0.662381344783
-1.186726358855
-0.034313877944
-0.749167040104
0.999023759512
0.515444312166
2.894208918039
0.810569120788
-0.720078531652
0.230677850568
7.458806639259
2.035796988660
4.500544628395
26.028397786816
-0.167399001176
-0.450249464197
0.418876087143
-0.309249006416
-1.388508683705
-1.703874506376
-7.830292438984
-0.677830752468
2.577542653339
0.346446325456
-0.521138053184
-1.538834651438
4.518801176250
-1.003881231309
0.511185595275
-1.212417932429
-0.644297322363
1.395341344392
0.299688937742
0.128069801175
0.808437882395
0.060623982475
2.147818183163
1.329832195906
0.137732041802
0.285598471075
2.097401238991
-2.059588059404
-1.774487954215
0.251550972745
-1.778782452954
-1.029097264360
0.725396117064
-0.413740471481
1.441096134378
-0.528346739662
-0.882524091487
-1.799085892950
-0.107769527483
4.748706299668
-8.401030391856
-0.302269178927
0.195513001022
0.484386430537
4.280813127449
0.063531686365
-5.697542957321
-0.480213528913
-2.648870703963
-2.846872725852
0.366966558065
-1.149516775636
0.034243227385
-0.134968022253
-1.265586964328
-11.838295509475
0.365352585053
-0.434592894449
-0.805972766547
-6.193811762770
-0.666731001517
1.763126930806
-0.683607338258
6.370697770286
0.912676173709
0.936591515448
2.343385471337
-0.300020577857
-0.089000140082
-16.778835103386
-0.727119075767
5.821263545550
0.755699960626
-2.869942298214
0.058246503647
0.436294082276
0.939472996102
3.179742104338
-0.308062531784
4.573016837847
-0.338839367484
1.497716197515
2.135962780215
0.039371030092
-0.011891148512
-0.216446639320
0.419237410154
0.648613767144
0.801184540940
6.377187030452
8.853363824941
-0.370633333488
-0.857522647726
-0.226817263637
-3.390936954638
1.335725202998
-0.934015822130
7.740799381054
5.244902267394
7.035397550544
0.548582196294
-1.037688793388
1.431230389711
1.368244855034
0.586358107430
0.323606953554
0.842987680784
-0.146414962627
-0.239217866072
-6.993241871159
1.313967015430
-0.717101183618
0.909438892692
1.687710483958
1.735152985847
-0.182378107623
-0.539516326103
-1.065877125136
0.369338720210
0.214299925609
-0.772075917085
-2.654850396957
0.659413208597
-4.657299323938
3.163743457821
-7.772157428446
0.093583601363
-0.228562043543
0.838061153744
0.391717776521
4.399814462277
2.823172348779
0.094682876688
-8.710882954357
0.052766236115
0.121212323890
1.467892131752
0.760657781351
-0.027257970268
-2.700444991935
0.343001595230
-2.234868312328
0.044837206020
-20.658715026045
0.828311410999
-1.002907822630
0.508453642203
-1.637451111734
-0.027029875344
7.538089986551
-0.029726849122
2.326099766252
3.785920666425
0.800909648905
0.630285013805
-0.620568937485
-7.512751822457
-1.537436589282
1.531067263107
1.062238583511
-1.363847585567
0.741418393170
-0.253241970558
-0.416057087032
0.592805059342
-0.026036690032
-2.022801404222
-0.861010681677
1.604648270101
-0.375355117150
0.390691518727
2.013250927460
-0.505893378198
3.468964987418
0.251811580320
1.016615638714
0.944329227672
0.150714270630
0.334708153694
-1.892363792142
0.080628195988
0.676576330897
0.501013531534
-0.084799637380
0.320332515263
-4.287649940459
-0.528537320651
-1.225871250613
0.326804168466
0.774249113098
-0.974102789045
0.567008406022
-0.176276844288
1.899410969321
0.639363531523
-1.139759205591
-63.067349283775
10.423361109268
1.415039119068
0.875532422653
-0.186665134200
-1.019116333873
8.023400498313
3.028967677124
-4.099555976162
-0.357326672945
-0.596873858360
0.127595626651
-0.086067291850
0.127767512121
-0.241609547749
-0.126668193747
0.958632096643
-1.137304034808
0.325452292861
-0.413988665107
1.028751321309
-0.047654922394
1.786254098275
-0.682960242324
-0.954465003249
-2.260868950235
-1.808173139750
-0.830668695846
16.247061110397
-2.046638007341
-2.222684698146
1.203814046062
0.907483262416
-1.652523286021
0.130397632895
-0.083948452897
-0.602572322383
-5.205913706329
-3.473395922393
-0.377117821065
-1.691786203826
-3.164828540116
2.224042736872
0.110606268355
-2.839219888658
1.241751840928
-0.065305732768
0.031750393045
-2.174005508498
0.677799462517
-0.171296535816
0.823581790981
-4.080836298041
-0.352253070593
-0.543987767262
-0.350617654043
1.068648091646
0.644968247134
0.650445798169
0.664579089902
-0.199773876394
-1.356343283796
-3.774029171983
-4.947538023954
0.416255946341
-3.052288912081
0.651085219611
0.137260590240
-0.520974760920
4.107162839508
-2.049085242864
-3.358137186297
0.678960742170
0.608113223411
-6.168144952773
0.585227469446
0.219202398359
0.626344053260
0.828055040987
0.682699043006
-0.702882220730
0.846022410860
-1.085002342352
0.969476135137
2.768538046372
-3.528916016023
-1.398522792191
0.280402236925
-0.103040041609
1.473712126074
-2.102040700761
-1.703657105683
6.525783795644
-3.877972096900
-0.033507353201
1.241973550402
-0.851820128521
-1.241917969098
1.793700596361
0.253899864256
13.330502375888
-0.678681112397
0.869273855766
-3.387911450868
-0.061679891777
1.169420978341
0.093236649592
0.511667835103
2.438270818135
-3.064166934612
2.012216131971
0.814718302208
-0.099097318920
-0.440607403829
-126.952492774871
3.428717421526
0.999608691629
0.340370186002
0.182549215418
1.233452674445
-0.652060474371
0.492602389059
-0.483138473868
-0.279467187272
-0.470065380366
12.343233999419
1.381742201348
0.122813205532
-0.566387746622
-1.094968816442
1.992637518402
-1.637901250679
0.619352353697
-0.125350984675
-0.735358508965
0.260601000762
-0.086008135965
0.315776122053
2.409190748641
1.696981106378
0.153103769046
2.329104054049
-7.880834078907
-3.041271907590
2.104249212788
-0.264419742333
-0.515302681205
-0.178340299277
0.772559394330
1.976542873553
0.049538769925
-0.260069056801
1.607104489601
-0.609629944139
0.714370899282
-1.413135133229
-0.549146137575
-1.230538880424
0.392837203965
3.497132072519
-0.069838896415
-0.649868294858
0.859316974677
0.140563158932
-1.848040959361
-0.293730989783
36.288724865931
-1.630592858136
-0.355294055034
0.470127126584
-0.334346570852
0.159381287495
-1.633297410631
0.753923815851
40.139837481454
-1.288072647054
1.232124425174
1.615168371419
0.686418391551
32.511804203317
1.600431267829
-2.702682233166
1.949274407567
-1.024961681564
1.733933170932
-0.173045091218
-2.950960532030
-0.388175061009
3.084801676093
-0.941756278570
0.311557242905
-0.089099598026
0.009530259993
0.821981132732
0.050894656292
-0.632737690083
-0.342661344314
0.021834153846
0.487076323857
-0.040544668987
0.114707134226
-0.665826509925
-0.215882711930
1.586964895890
-0.650576124979
0.528134216291
0.323419473506
-3.541762032059
-1.053307951315
4.031647387667
0.850252102517
4.006296735921
-0.412243195459
-1.811672571151
1.013141393728
1.738869231714
-1.517089122848
5.907201620036
-1.233762135452
-0.656324808631
-0.119693754669
-1.706715571782
0.208234821768
-0.253689016087
0.679971210119
0.509741381065
-0.676048063146
3.309419737843
0.526595367384
-1.232712609872
0.898846114457
0.789224205520
1.540658296903
-1.748484985256
-0.917852775993
0.359493968619
-0.455012480496
-1.675926206461
0.673896184727
0.816663107049
-0.411480701331
-1.310144358228
0.668486104550
0.461520584656
-0.386811628676
0.820278723341
0.469096425119
-1.917467850801
-0.419277285151
-1.093726715041
-13.495678586636
0.507632866009
-0.064369086796
-2.203592479483
0.185266420226
-0.603989461109
2.271720960461
0.499896949754
1.694213596876
-2.508593040114
0.676581678175
0.330658534785
0.372559900622
0.103443373415
-0.379559351594
4.147379645916
6.200842267256
0.533785525885
0.009879438224
1.969642408597
-0.651743868777
4.411310655989
-5.435656216456
3.342899105028
0.510244753193
0.542649964912
-0.263746768791
1.411218228825
0.118439940342
-4.787222417654
-1.185256691641
-0.095618451254
-0.523682000599
-0.041116467381
1.545635132160
8.066363543067
-0.480859471552
-0.056820624280
0.474242054143
0.169143082102
12.609557626654
0.016497342173
-0.042043135982
-0.786330992649
0.388814395744
1.168172034335
0.864458332355
-2.586501320973
-0.642396450344
-0.476284124848
0.927527876485
0.015621907696
1.635181618363
-1.099446861857
0.858676318134
2.175987747578
1.911800261221
-0.061108474861
0.235792255399
0.788251505824
-0.832212711897
2.221359969315
-0.690914017568
0.037837279710
3.345400499035
3.300065439603
0.117251121239
0.854650401891
-0.762579494362
-0.645576658256
2.331709001903
-0.068631733223
1.030060211097
0.904935120584
-7.199071042907
1.373784007398
6.858621265198
-1.086496518355
3.324635804101
14.690755733117
-0.425861619123
-1.627313990766
-0.115023681226
-1.322136812788
20.293479646401
1.974948236344
4.706405444926
0.241814599726
-0.035657781556
-3.425798826544
10.292261696652
-1.637079469009
0.603847284813
1.150647291550
-1.011606569231
-0.675452302348
1.112828117504
-0.104436398590
1.120194629212
4.040390547765
0.087307304300
0.751814773001
-0.003837538862
-1.645838438527
-0.351495487093
0.191571475947
-1.338210712537
0.401589594047
0.215346000129
-2.237279352522
-0.735811906367
2.789859072211
-0.716736144678
0.724393943993
-0.131200130201
-1.112349743310
0.892783309456
-2.195707018497
-0.429838498408
-0.362275248220
-0.878027739838
1.147301261567
7.525549150164
-0.794451397159
3.950708339388
-0.845769993126
-1.506785669048
-0.510016392517
3.280136931729
-0.240307704977
0.706902661396
1.429981189697
0.472010763111
-2.969272982324
-0.883877000517
0.142157554408
-2.506740939659
0.437543476650
0.284046635542
0.189061220730
-6.586575519728
3.916535903545
0.297808156586
0.498713936963
1.031271073123
-0.607106686341
0.669918199526
2.554201732859
-3.348585720296
0.136477039089
-0.803423489035
-1.210097578182
3.195877312924
1.446628404802
-6.680124600556
-0.242009884807
0.774677073722
5.773848585974
6.512299159835
2.346914762995
-1.823486687648
0.093165944622
12.351479949316
-0.248303753064
-0.775044717568
-1.627107958984
-1.789017782314
10.979056267438
-0.549036813808
-3.672322906355
1.089264748984
-1.463019965241
0.077907499922
-2.777939958291
0.282130274865
0.678897986198
-3.863891677735
-0.370446600756
11.628696640511
0.817332395512
1.010104013997
0.604049289439
2.036799214205
0.378819411036
0.694959180791
-0.291055663210
5.248256772639
-2.193728195030
0.044548128973
0.077564060301
-0.160667169446
-2.525813005764
1.232203366310
-1.094826291031
1.401192619109
0.494633201173
-1.364682162791
-1.172873511500
-0.028448294779
0.561447211417
-1.225983854186
-2.056192299567
-2.558263802556
0.360433602231
-1.377127495990
1.549578796977
-0.205443872177
-1.969142951049
0.585801419183
-3.859237303141
-0.548316567896
0.075635767791
-0.523042498393
0.144411071921
0.103196305304
-1.192336417633
50.110838048904
-2.586971267403
-0.082409301090
0.465187831706
2.129719100724
-1.548004165434
0.140385479138
-0.130158874333
-1.375330775173
1.867474601028
-0.300399271109
-0.028398311637
-0.401084278088
-0.681005801148
-0.732210798796
-0.006700581089
-0.192085630643
-0.330753799007
-1.889782888373
-0.673032794728
-5.595386545648
0.200907420331
0.873729735403
0.174701381576
-2.027343925648
-0.833386542239
3.657474809341
-7.067789305560
-0.568096954604
1.688526003315
-0.458426232398
0.028075953176
-1.759772561721
0.095855090062
0.199553233355
2.619294151203
-3.207957749198
2.079153286503
5.581026903725
1.349611220897
0.914587264779
-0.502033331928
0.472176797716
0.013884029500
-0.970931714077
0.116133935421
-2.988030736504
3.113616538300
-0.941095445503
-0.130436725515
-0.193993007826
-0.391697661120
9.449911372178
2.356388142141
0.222858733482
0.906997510452
0.902264620067
-0.301821521866
-0.179531007899
7.629068190401
-5.083959537588
-0.310798876319
0.456760157176
-0.166701666862
1.032027762255
0.034121487068
-0.399249279411
-0.844345338886
2.598599925224
0.692162569171
-0.075272885261
-5.779931869143
-0.157930352594
2.541677128973
1.104003443767
0.150042670132
-1.183245750830
-1.404587939656
0.478872664538
-0.919376735269
0.390539589210
0.441502879884
0.730525719366
-2.174907692474
-1.575610618742
-2.286882971859
1.803841855778
0.493783196565
13.324520789082
-1.458142424629
0.021650760990
1.970201170553
-3.950727408429
0.647782819305
-0.358503804408
-0.766980650946
1.165432233274
1.449692952828
1.582529727647
2.642107250559
0.902716758552
-1.003680974343
2.220713079247
1.336646865245
0.117273571653
0.898052590716
13.003791301428
-0.218388719594
26.634397293436
2.237596639944
-1.324316102189
1.076574495353
-0.767411995835
0.170136722161
0.574790628844
3.093793105788
-0.207518696640
-0.568122769746
2.997781403142
-0.471405502644
-1.890213922239
0.048928046566
1.026530219105
-2.025623337810
22.845292351742
3.916213240512
0.114262196307
-4.987636427203
0.601366075587
0.409532987359
1.935137529929
0.100328592005
-0.728377998530
-2.965396565224
0.839661088096
-0.143646598819
0.885158262387
0.451970073591
-0.731959812739
-0.163869697339
5.260212538195
-2.800331245663
1.092451420108
-0.228137116524
1.120998635569
0.072263947984
0.722385486109
-0.128140279150
-0.513252072605
1.322704148262
1.588525532925
6.934900765433
1.279149418535
2.909152120519
0.261737773177
0.797739998277
2.436523247130
-1.096830532756
-3.941459158223
-0.350714205335
-0.196970837521
-0.180846299992
-0.130031400966
-0.446829307478
-0.642862420830
-0.768837109059
-0.304090527457
0.091319613942
-2.539993002122
0.999719125841
0.025781267417
7.839530708035
2.859372767459
-1.187873475954
-0.202362003709
-1.430550070214
-0.252436816751
0.339244282951
2.859041356830
-1.818522199795
0.282619116259
0.148542007337
0.791750680449
1.202087823895
-0.795181468064
1.071455063908
1.429628354915
0.202499187581
0.559195835553
-0.104180409961
-2.228098408120
-0.011675589592
3.424790126396
-0.418684756719
-0.913486698558
-2.371510332829
0.731223391724
1.786273389751
-0.880461680025
-2.470630601668
0.389287698363
-1.432613055503
0.589454769741
-1.115776259708
-0.316172515272
-0.337464556749
-2.132467975289
1.279656557053
-6.080319076808
0.534443467109
1.295705823236
0.178434042130
-1.438364967290
-0.901517144091
-4.694302785339
1.320674226494
-1.387785515386
0.312692747138
-0.346679993005
1.476602785632
-0.733352867123
-0.079961881590
0.383548844414
-0.547745233484
-1.217934067689
0.726949333967
-0.285254310821
-1.294172242825
1.341635770013
3.659424891543
2.364912385128
-0.087214560303
0.068171180207
-0.380829702688
-4.044698758481
0.796641938714
0.534961862441
-3.643658668956
5.250599946827
0.361041046260
-0.541295378645
0.860137052727
7.045238827893
-0.049407297846
0.247254395734
-0.244135167546
-0.086465397364
1.027224752016
1.822232018561
3.702797230253
1.052373009533
0.916373242548
-0.773175243976
-0.268690087429
-0.835468219469
-1.711982746576
-2.400171665033
-1.757122260433
0.313080665406
1.020320180631
0.075980308416
-0.413927354077
0.603050437726
-0.423258375763
-2.910263779323
0.291861963682
0.647520896366
0.464429928643
1.085015959870
-45.572789791055
1.850252399885
0.223880430057
0.114916743270
0.687873136430
-2.136903976041
2.300442829626
-6.911994464395
-0.493096727338
-0.811963861212
0.211739775516
1.329975089798
-3.447570931346
-2.460645803909
-2.279684924344
-0.624074757256
-0.023301305126
-0.475563403353
0.835774580586
-0.363632345483
0.750867772301
0.142281920861
-0.071935933577
-0.789663179955
4.021963294024
-0.713807384387
0.640582530910
0.329419933953
0.737886305166
0.488118603685
0.283774021332
2.996266091934
7.410476755083
0.610602598449
0.649927334394
1.286380563731
9.851434233327
1.076010130024
-0.599225999647
1.267930452222
-0.131357215179
-1.190870536687
-0.260381999283
-2.840403844807
10.318460421562
0.311211572993
4.042592627287
4.075782056012
0.190490749395
3.048063093588
-0.330541181278
-1.334112415933
-1.043963902405
0.395667132561
-4.237885514286
1.214828609225
-0.472806822319
-0.679618697182
0.482699154527
-2.078859611717
-1.836304638690
51.846594715772
1.151419416399
-0.088184651993
-3.898188285635
0.934806384155
-2.019073047731
1.837034593490
0.383005730832
0.452140268286
2.306597493524
-3.051238918203
-0.870394824029
4.366116713886
-0.332588017386
-1.680716756769
-2.246802496258
0.339839302177
-0.105904150072
0.415705006263
0.409069999423
1.584511762357
-1.525778791362
3.500003987189
18.474177367195
0.380589828152
0.164658175885
-0.038233500868
-2.642238957802
-0.222532054268
-0.621967386009
1.920723440653
14.315914067158
-1.666376356957
0.562817754079
15.985910592735
0.821844104150
5.634738612858
-1.217515612801
-1.692817797913
0.174648326534
0.608421955951
-0.596515186681
-1.392199007181
0.999610281051
1.134729313091
-0.350832838407
1.818558356312
-0.116413197933
0.233912854878
-0.059123832884
-2.609741577706
0.008636406244
-0.357752582639
0.269817282443
2.918329577073
-0.584940381891
3.719000478026
0.298751360691
2.328701176765
-0.168237660577
-3.355162676527
0.968024961818
0.407655075162
1.720111768866
5.945374916158
-0.668058880842
-0.103711321561
-0.900782293738
5.854083748751
-6.297428892860
1.456561302580
0.363654175140
-1.881972320480
-5.856436051468
-0.219486590777
0.148179114385
-0.566233548319
0.661341235379
-0.736396586501
8.013066584065
2.234393888576
2.806174263482
-0.141184044004
14.898871702466
-0.908630047597
-3.652483489579
-0.351907409552
0.255599790760
-1.498941782508
0.283888852646
-1.119815320461
-0.226401133911
3.195308368914
1.753395215827
5.141898923740
0.876996009434
6.976598809014
1.836473115580
-0.067381163770
0.401864324766
1.775024175126
0.578714092633
-0.339609460641
-0.456372653001
-17.053343548903
-0.644251513422
0.641527399722
0.021484261212
0.014973305649
-0.058616544243
13.537719116223
0.825550934837
-0.319309574394
0.722886859699
0.313132699435
15.431586841959
-0.291887644898
0.155553713331
3.995590929063
1.093735139889
-0.822164027393
-0.225579537038
-0.419350056158
0.446304066364
0.463347344847
-6.850435022715
-0.691602076561
1.034225598425
2.177773352807
-0.607031606326
1.438797643474
0.866070356625
-0.068575394648
-47.834939415725
1.478764266273
0.310533006375
-5.270609262621
-3.409010846413
-1.629158878489
-0.241634792364
0.402698651691
1.137910914735
0.417531855978
-0.764961069194
3.566666097052
-1.059937919282
0.680947185915
-0.633868140364
-0.674461704010
-1.252039431849
2.359173047481
-9.930126048637
1.369720298521
-0.380148747599
-0.803811149885
0.983169162937
-1.192811878990
0.127369038134
-0.546976496105
-1.802840506358
2.152572797476
0.188606081933
0.128493236689
6.169907919204
0.388877028554
0.794792267566
-0.796549862224
0.677140285580
1.397761210654
0.294247423719
-1.497496136475
-0.929107782807
-0.967399916479
-7.822076152584
-5.371403644650
0.433422905519
0.552232884810
-0.690830814924
-3.933154695735
-5.432973686120
7.312816727177
-0.747763338607
-1.405859627361
-1.917129341918
4.500850757964
3.639851298605
0.599475922851
0.660181923498
-0.613479193303
-1.152962502072
1.384022006140
-4.170677368925
2.376527096432
-2.284357250847
3.115240898401
0.101658921697
-8.845247904769
-2.280334190561
-4.704297809533
-1.370405564072
-0.263513514044
0.172375835798
-0.742373591594
-0.539216197986
-0.562816273907
0.637830593182
-4.451134037581
-0.585460049706
1.350410212411
-3.781090174335
-0.482198841030
-0.503446802557
0.509816761303
-3.780856030658
-0.379366166503
-0.119569053054
-0.267720239663
-1.733200850958
-0.524759109228
0.066272636491
1.402486757875
0.303683469055
-13.039737693880
-0.084890639646
-0.206795506319
-0.234043965000
-4.555998811413
-1.064219468846
0.633773863801
3.310749154122
-0.593936193375
0.097115848465
-2.120473292332
-0.249420507755
-0.267370636362
0.337835151859
-1.947896598508
6.043517585139
1.810191163224
1.328913724208
0.987494347898
-4.780733704698
-1.073410916622
-0.429553884047
-1.128407639096
-0.094699412688
-0.682367358041
5.054569711453
-0.512465444717
0.467832481854
0.335570130824
-0.303118940842
-0.044485295445
0.471627929324
0.260059597140
-0.109267772665
-0.639615267276
0.989019810239
0.511374839187
-2.520748923712
-0.665658414402
0.070602362616
7.201838366476
0.318295782176
0.065598663002
-0.181773526965
0.191326580970
1.752285496872
1.436047284672
-0.380531981679
10.555374114797
-0.084720571229
0.410578161613
0.092104411017
-7.935286661821
1.386852931936
-1.069931372200
0.676580792304
-11.103816550440
0.274654395282
1.623648566290
-5.136937244328
-0.467146711501
0.257491059515
0.745652778664
-0.220510209543
-2.650035570094
-0.000411834236
16.525113278718
-0.555202873534
1.090472343085
-0.273033681629
0.935415337939
-1.853459867147
0.455476685127
0.101697780772
0.967008111903
-17.856953510361
-0.146779181850
-0.074477456138
0.336784998976
1.667585718643
0.065165863774
0.542872130728
1.050701595538
1.459099538797
0.290825121834
1.575665644056
-0.419368579820
-0.781458726555
-1.991528909825
0.331021607278
-0.133625257984
1.603909782420
-4.207765842945
-0.724656545686
-0.838997804100
-0.561185439163
0.074716525425
-0.730223583203
-0.775932596649
-0.500683776909
0.453857229082
-1.102781814034
0.065976796977
3.138074479899
-2.310432957428
-0.757806816532
0.336693806806
0.129257131782
0.860051092340
0.054139687579
-1.467512469664
-3.991612047264
-1.062118811637
2.782299477496
4.411191700695
-0.295052684388
-2.126988494713
-0.344374462925
-2.210580957456
3.797318544237
-1.291570216986
0.262272373311
-0.486125002141
-0.832777949135
-0.810848345153
2.161153339409
-2.338908243364
0.113882568605
1.238662856570
0.131377615710
-0.066379642944
-1.131345208832
-2.905034539241
-6.684491943833
1.474163529015
0.736173686005
0.454325454446
1.175812271210
-0.138986008602
-0.436809200405
2.781861197866
2.461677666490
4.819393895184
2.898473042146
0.441238090429
-0.614799947626
-1.228727612426
-0.630363084732
10.001358228603
-16.395601875950
19.291269005949
-0.168791907974
0.226847803716
5.304350358332
-1.069038899928
-0.528118357658
-0.380241839808
-0.983628343284
0.600173690764
1.962515981327
1.459793658999
0.510820397552
0.478355608714
-0.848391202948
4.170979327406
-0.609257401090
-0.597294948076
0.322149482717
-0.957110345545
4.136558148431
-2.123430571206
-1.070753910454
-0.067628355505
-2.083141122669
-2.007118488584
-103.180736431329
-3.464931085745
0.682660258437
0.874893542804
-0.093287552636
1.538236913981
-0.044935934667
-1.027572226633
1.255126243038
0.246238946943
-0.100210478002
6.596349126363
-2.875669618144
-0.458727166397
3.259539448889
0.390778583614
3.127405000390
-3.265396096471
-6.070974823665
1.741130957652
-1.105721792441
0.383601196955
-5.507286676749
0.162437469489
0.032037612120
0.419362565971
1.497155419043
-0.982622932780
4.194492729346
-0.781311946976
2.328173504550
-0.762811171776
0.035123226016
4.427959171716
0.315050588943
0.414411889375
-0.835805703709
1.482859447831
0.864633701684
0.337566101772
-2.511004452829
-2.527945529786
-0.058370617219
0.721655218794
-1.115223066280
1.772903235306
-0.426777199770
1.064060051032
-1.381667845880
0.514771838044
