-7.1
-6.991230412335102
-6.991230412335102
-7.327599592020122
-7.633642392125005
-7.677726547891336
-7.708285750566567
-7.956175689219321
-7.215820487027745
-7.086372394748425
-6.856082438182094
-6.892577099009459
-6.892577099009459
-7.113323679605812
-7.388462939479308
-7.388462939479308
-6.974204600867035
-6.96253194711901
-6.96253194711901
-7.266181199532529
-7.601312552310459
-7.597635337692348
-7.878587937501591
-7.847330326594538
-7.766135456726401
-7.542221033107093
-8.02567494170968
-8.057159437068886
-8.004977551053523
-8.004977551053523
-7.491194359503669
-7.456769322498166
-7.456769322498166
-7.036865900891633
-6.731186336684993
-6.731186336684993
-6.579020233668796
-6.658171773506403
-6.255013460494505
-6.518158283085142
-6.122422908774066
-6.380040465203502
-6.235300749561786
-5.932883789136322
-6.111158175742689
-6.190484109563043
-6.31003263750151
-6.512709517425342
-6.512709517425342
-6.3295949062799615
-6.216630137451117
-5.978525578621253
-6.186198032675401
-5.910080961418246
-5.887866240155529
-5.722701457562717
-5.25476599589292
-5.917370006541851
-6.1320684062521025
-6.14344821964434
-7.072051033836026
-7.307588011103012
-7.699072718182907
-7.1883235839474935
-6.855489128830465
-7.369023266129294
-7.546631465325302
-7.546631465325302
-7.09281523722845
-7.09281523722845
-7.09281523722845
-7.096156986118256
-7.162434331302657
-6.906193540499331
-6.906193540499331
-6.8721193611399904
-6.842987169981306
-6.6429708279168524
-6.827462396170503
-5.907296829501331
-6.235463550678445
-6.767365866597241
-7.207418995524227
-7.120395549287461
-7.320597021553188
-7.82745524835769
-7.882324702765654
-7.635114023350554
-7.635114023350554
-7.605434035317093
-7.758128699281229
-7.625937264643474
-7.592134639255235
-7.592134639255235
-7.684606879648452
-7.478168300303611
-6.900159905818355
-7.094673214189895
-6.7928307346142445
-6.75389481136802
-6.75389481136802
-6.263254844676391
-6.415964520755083
-6.415964520755083
-6.70585071609449
-6.70585071609449
-6.538013171317635
-6.609924509602958
-6.417249873017467
-6.156191911284864
-6.585999410413925
-6.62352266575089
-7.046923941459619
-7.052514577674127
-6.913865426442199
-6.786548627380777
-6.605796406377275
-7.10934969920298
-7.633757971966096
-7.633757971966096
-7.8670545167575945
-7.570109996607121
-7.901036855825589
-7.901036855825589
-7.645066904584528
-7.665320398355146
-7.178864019046739
-6.650724865583208
-6.778678277948615
-6.778678277948615
-7.266315827251009
-7.702629096058753
-7.617107193946586
-7.965985282048909
-7.970561807937254
-7.92706987770655
-8.26868665723625
-8.26868665723625
-7.399550458902769
-7.233366511596971
-7.233366511596971
-6.563851253119416
-6.563851253119416
-6.508217917903462
-6.0887808131889765
-6.085479354463956
-6.461329373895703
-6.461329373895703
-6.613031927418067
-6.924840729135786
-6.8216028793311505
-7.704313360378578
-7.696299533365438
-7.862854639857022
-7.983701797631641
-7.643732481876832
-7.53179449398317
-7.53179449398317
-7.408667431858434
-7.408647029951635
-7.699306543018623
-7.7718952886258075
-7.808546342082783
-7.808546342082783
-8.229950360041487
-8.46986845503572
-8.46986845503572
-8.46986845503572
-8.381840202672574
-8.269230276927178
-8.269230276927178
-7.847493230417888
-7.858073753122601
-8.085258511100914
-8.085258511100914
-7.763752861337603
-7.763752861337603
-7.545664809625444
-7.545664809625444
-7.994802903236243
-7.943412617936486
-7.750735347140014
-8.072258959979512
-8.072258959979512
-8.072258959979512
-7.513149560866435
-7.513149560866435
-7.629830325205208
-8.561946813839286
-8.685190273122082
-8.037591373162845
-7.703555625769164
-7.635822708131946
-6.889574319328318
-6.975181337807414
-7.428726601381465
-7.397156826341458
-7.089565510894977
-6.729607764020587
-6.311742688362451
-5.836921923010009
-5.836921923010009
-5.6179443464897725
-5.974692388554514
-5.7055726994048195
-6.007927873360558
-6.007927873360558
-6.007927873360558
-6.152364790400133
-5.893413848621539
-5.7642219333119336
-5.897954965149018
-5.875960770308345
-5.8817321325659995
-6.237038733674514
-6.047957315090325
-5.7112374623409226
-5.72130332397232
-5.72130332397232
-5.568416054174557
-5.832390953331381
-5.642024687461046
-5.601587316337231
-5.993283874939408
-6.502085267679597
-6.443432764586343
-6.868171441735952
-7.389811325688265
-7.6409555390666375
-7.163962798716197
-6.950068441874835
-6.871609776810979
-6.884466721158534
-6.591674184380389
-6.699529137788744
-6.607925498838631
-6.163866061273484
-6.589336797067986
-6.500894008260341
-6.500894008260341
-6.7150744556165565
-6.599213261244254
-7.125729045734598
-7.1871292140456156
-7.1871292140456156
-6.882751699593384
-7.015634917380581
-6.912236785986881
-6.760402107953562
-6.760402107953562
-7.289514112673955
-6.80050561059656
-6.80050561059656
-6.472225857624441
-7.573428923189184
-6.403139810022642
-6.4070445282802835
-6.393831308987999
-6.148904042009288
-6.949564685044593
-6.794270790468286
-7.195319397876764
-7.195319397876764
-7.200527066694567
-6.594678894335818
-6.387024806591165
-6.104279356920308
-6.7206616288209755
-6.781727888710031
-6.728754794494388
-6.94984556623251
-6.94984556623251
-7.380314637775854
-7.036072704397474
-7.631826799328342
-7.092364029321741
-7.352423617609785
-7.469531589912442
-7.336201505349008
-7.8034797644876175
-7.464275733639992
-7.057213594092553
-6.908975338944267
-7.193663012807654
-6.989636267173364
-6.467650100842433
-6.402592038044065
-5.933814876790707
-5.763088267086135
-6.012215138626499
-5.957431295895151
-6.192983808501652
-6.631558537575107
-6.3746296965202625
-6.611667381041653
-7.087508195605874
-7.239692423578994
-7.022195736587333
-6.971195474974195
-7.067630939440796
-6.520303567744114
-6.306165813322074
-6.306165813322074
-6.306165813322074
-6.442011907368874
-6.416404783660627
-6.185384234352651
-6.055917115726702
-5.388786823140088
-5.388786823140088
-5.152551847576555
-5.152551847576555
-5.152551847576555
-5.275764162181046
-5.275764162181046
-5.470602430008452
-5.686771851567188
-5.686771851567188
-6.2491782598358805
-6.066827519447242
-6.119971439012797
-6.272359457113017
-6.893491358139324
-6.928684168496374
-6.873605014858234
-6.873605014858234
-6.774128612098398
-6.900129007000192
-7.128825828295667
-7.437833573827606
-7.770211619104097
-7.334407792823402
-8.041668615277738
-8.247459307647226
-8.089229955612034
-7.634863303985574
-7.659798302279495
-7.471246535344925
-7.29454036202918
-6.283494423052547
-6.244682484443488
-6.5910611428571535
-6.711978651247799
-6.97228549573423
-6.850566034436956
-6.532464113670663
-6.532464113670663
-6.060397219410566
-5.670555978339423
-5.767426745631372
-5.823215129310781
-5.480687696761985
-5.480687696761985
-5.318919633680939
-6.0547948536978495
-6.0547948536978495
-6.0547948536978495
-6.0547948536978495
-6.063620932224326
-5.95434882067854
-5.95434882067854
-6.038994436861358
-6.039072565703263
-5.886051608704145
-6.25281548358317
-6.268600559418129
-6.15018592261021
-6.15018592261021
-6.095434409400865
-6.0828450922256065
-6.163263732496994
-6.312920173457859
-5.959370509499873
-6.073293642573673
-6.073293642573673
-6.073293642573673
-6.074511024434687
-6.720761329563397
-6.720761329563397
-6.720761329563397
-6.827141636492026
-6.4603523583618205
-7.049885011543987
-6.824986085026099
-6.783003163615997
-7.215198006134046
-7.043378503012256
-6.855949908355617
-6.702604954766116
-6.361310328395371
-7.061443295818979
-6.988249440407959
-7.6235878790491975
-7.639088404915321
-7.413803726172379
-7.547031738908136
-7.452752968483841
-7.163640409969573
-7.020817379776403
-6.847732001709143
-6.617312661718812
-6.433777331176827
-6.450085046230926
-6.450085046230926
-6.973403687315797
-6.973403687315797
-7.030445212861568
-7.030445212861568
-6.777212149994884
-7.422865740682259
-7.571405427985924
-7.363821996168471
-7.300436223542747
-7.120139463020216
-7.084152702406721
-7.118996777019849
-7.355400548112987
-6.995690321242358
-6.443694766137795
-6.415953947152168
-6.770698154138513
-6.386650636961269
-6.386650636961269
-6.386650636961269
-6.205411730215373
-6.1577502084236215
-6.047979791799985
-6.901225873153312
-7.268378248779237
-7.576455738705002
-7.509311921233801
-7.5931789627442035
-7.3632890253003405
-7.469929372722918
-7.415511515169897
-7.415511515169897
-7.659165677247609
-7.659165677247609
-7.975524894902312
-7.975524894902312
-7.849691853705755
-7.547986043372472
-7.547986043372472
-7.547986043372472
-6.550633439154522
-6.5210894437562565
-6.5210894437562565
-6.991071164476141
-7.2045887776388815
-6.9506820891497325
-6.833418737981377
-6.842009764080542
-6.936511304510993
-6.560811194548091
-6.560811194548091
-6.681634057211413
-6.928444926400082
-6.7798591272758
-7.439916467679529
-7.665689386901992
-7.420003151593588
-7.324020130355629
-7.793370351894426
-7.883706330506853
-7.500996360608212
-7.247682856858027
-7.3944489261162385
-7.150293464841425
-6.9363815925498
-7.14060138192193
-7.1864834627216485
-7.557991341623269
-7.557991341623269
-7.557991341623269
-7.189303602361568
-7.5978652227076875
-7.540165268988107
-7.225632657673206
-7.1969404942169595
-7.497790612809804
-6.8823994012444984
-6.852541103551522
-7.325592980020622
-7.569760830434887
-7.2359264142282305
-7.205916958792112
-7.179478878781879
-7.354215035220845
-7.516695148765146
-6.9989465724095945
-6.9989465724095945
-7.4701862097515415
-7.718267214153722
-7.52878268660249
-8.163030808603006
-8.207106916168854
-8.18031027899458
-7.57618218720732
-7.6179435647656755
-7.181426868059724
-7.083092446591616
-6.96736531229671
-6.483737127502771
-6.680719972347403
-6.36397708512332
-6.36397708512332
-6.274496172490205
-6.144388483334955
-6.258781059766915
-6.598025303477401
-5.62717707181731
-5.640893858846029
-5.640893858846029
-6.18882449739518
-6.650101953775832
-6.56295812124157
-6.56295812124157
-6.970443150759335
-6.970443150759335
-7.136824438327285
-7.0842705716031285
-6.746188556274121
-7.015921187676154
-7.015921187676154
-7.265489800811116
-7.399069112597812
-6.73604894655877
-6.696858494530414
-6.728418816812705
-6.90915951707016
-6.490999174908563
-6.490999174908563
-6.738172787461834
-6.940298185050174
-7.060867185573701
-6.848240403195334
-7.362939015548247
-6.991944813476464
-7.041352456193421
-7.055608222939264
-7.181375525245653
-7.74040115069594
-7.745992622608127
-7.839194972697136
-7.492182211934232
-8.46352000988967
-8.799987402164588
-8.300011887266216
-8.496654331832659
-8.396361768208447
-8.396361768208447
-8.358505823454035
-8.358505823454035
-8.226127830257127
-8.604193493109005
-8.604193493109005
-8.590771863112936
-8.34024426272733
-7.6138554441945745
-7.174311556486718
-7.290675579886514
-7.701094548099304
-7.965513318477324
-7.948560747075201
-8.186345428633246
-8.176693726180188
-7.712292316411972
-7.226835185683351
-7.816309085886051
-7.816309085886051
-7.816309085886051
-7.700217610900317
-7.700217610900317
-7.818797357805303
-7.515362268623447
-7.1641236640034505
-7.368815813131895
-7.512056375079654
-7.512056375079654
-7.877305403025578
-8.16982337666828
-8.16982337666828
-7.99517780803948
-8.196030227780096
-8.196030227780096
-8.289984717049236
-8.289984717049236
-8.159692372520297
-8.159692372520297
-8.075879280456938
-7.61777267524024
-7.430170570337044
-7.3699805473445394
-7.23364486660076
-6.920332806624335
-6.8290342874429575
-7.287600470184405
-7.648099602546242
-7.648099602546242
-8.173645790164151
-8.284706251206574
-8.284706251206574
-8.284706251206574
-8.330780538060798
-8.330780538060798
-8.330780538060798
-8.289386013086066
-8.633648793841303
-8.328672885149073
-7.744939866988087
-7.617948693489417
-6.944125078555909
-6.475319867271183
-6.612625488492706
-6.612625488492706
-6.612625488492706
-6.612625488492706
-6.672774138440675
-7.075571917872411
-6.811386921709804
-6.373659654406375
-6.278602663192018
-6.278602663192018
-6.278602663192018
-6.278602663192018
-6.278602663192018
-6.191459547936779
-6.191459547936779
-6.001622615868551
-6.071560905620457
-6.153765380058461
-6.064153872628299
-6.064153872628299
-6.118036367201358
-6.344555693496181
-6.122965823455822
-6.221919881015275
-6.448879532931011
-6.448879532931011
-6.310357756931713
-6.310357756931713
-6.520378764802068
-6.4157348491958945
-6.948348865045908
-6.967095268357779
-7.1671437467376355
-7.529647636298873
-7.563854848943258
-7.688260730259184
-7.630510450843962
-7.413788455713983
-7.413788455713983
-6.6539216784395325
-6.905832364819888
-7.114968748446287
-7.114968748446287
-7.264581465052183
-7.264581465052183
-7.614945067440462
-7.747056759871883
-7.694748926846223
-7.756801405376412
-7.756801405376412
-7.534592177765263
-7.0953624496565535
-6.881823240123716
-6.519562748015153
-6.23527624306477
-6.479153308589075
-5.8769877544088365
-5.84419291439113
-5.84419291439113
-5.804973703671756
-5.804973703671756
-5.588499068899306
-5.588499068899306
-5.588499068899306
-5.545947996468805
-6.473043094911521
-6.20724647600784
-6.20724647600784
-6.223503374732855
-6.380066932118247
-6.380066932118247
-6.226568791996484
-6.284218440498947
-6.326436736807372
-6.508276444416789
-6.7222546020808975
-6.64737852816656
-6.337294627029818
-6.291630864198391
-6.641787254142054
-6.88782792922482
-7.214495076802462
-7.252485766359083
-7.086281726052564
-7.070199859110161
-7.348469184745406
-7.016522282217923
-6.693821911105884
-6.968046796515145
-7.273568232546182
-7.18036265160701
-6.9859228809845435
-6.773893363518636
-6.773893363518636
-6.638234363163443
-6.638234363163443
-6.474844874522551
-6.73026076650391
-6.551973805692323
-6.551973805692323
-6.827712439940992
-7.131990395355309
-7.121826009247123
-6.767769550959858
-7.340397157632351
-7.789327438074843
-7.789327438074843
-7.932212044787064
-7.370962645612815
-7.727434843235097
-7.476079057702303
-7.588900577068093
-7.202148842150686
-6.463715936894025
-6.463715936894025
-6.601700795365871
-6.601700795365871
-6.3390619814875135
-6.325813169440392
-6.451930310945883
-6.729096505778708
-7.145973395866074
-7.944936209092007
-7.944936209092007
-7.944936209092007
-7.3210025708232545
-7.42102395115126
-7.042975626848639
-7.2648102396541505
-7.2648102396541505
-7.060035083779472
-7.228402145148445
-7.714531350856051
-8.218864428393022
-7.4274450441611295
-6.873410202200259
-7.134211728953833
-7.246752987654871
-7.246752987654871
-7.374106498148116
-7.219068071153634
-7.147504921809518
-7.181239936244864
-7.651269559944175
-7.669364875668971
-7.669364875668971
-7.63254576285402
-7.531034317121773
-7.035179866089877
-7.418461079202584
-7.343591576419824
-7.48297212444137
-7.176634754376632
-7.176634754376632
-6.693651826899011
-6.693651826899011
-6.596836923012794
-6.796030992519769
-6.646620639539508
-6.311855800550666
-6.61470857298349
-6.436032871989573
-6.738834078397837
-6.53437124319177
-6.642753951217026
-6.325933207028337
-6.771077802086885
-7.03871489355541
-6.821365515418506
-7.4452267012499735
-7.375115365083648
-7.087251558096529
-7.084318703288634
-6.686952640195107
-6.66137371575567
-7.05228876588702
-6.724067120521229
-6.625483886271422
-6.4407974848305205
-6.666336167995214
-6.554185980986031
-5.861209144790614
-5.545149960711172
-5.540822624141402
-5.587695504059864
-5.849869717762172
-6.486362477165737
-6.903828530183237
-6.903828530183237
-7.042591463167867
-7.5027559762784835
-7.345577809778173
-7.231337346503628
-7.070908878189499
-7.258534303129358
-7.187451381567278
-6.7593291849034545
-6.667188788039203
-7.098446473265512
-6.357527186451279
-6.501172033026997
-7.162962113983021
-7.850568707548138
-8.266559295969566
-8.266559295969566
-7.797749375827129
-8.083007215441656
-8.083007215441656
-8.023633841345038
-7.789703829677241
-7.34936301434686
-7.649768389811818
-6.986600842605299
-6.976681097152127
-7.104099542926656
-6.84095273247952
-6.865333556856565
-7.1158377934382795
-7.1158377934382795
-6.674390735183978
-6.676707223606495
-7.097268571146326
-7.271587837363351
-7.271587837363351
-7.61029713725401
-7.439445927122511
-7.140616071239188
-7.492503298208291
-7.029796444788656
-7.521818382817747
-7.324957482190011
-7.331956554238327
-7.331956554238327
-7.296182971009828
-7.03294281479254
-6.9931016697023285
-6.9931016697023285
-6.775045532539855
-6.91805486353932
-6.983208765206389
-7.160689373252718
-7.241072344200053
-6.879374418212917
-7.022307198906677
-7.200874528361062
-6.9316260194666315
-6.913118186671918
-6.913118186671918
-6.913118186671918
-7.244506828702791
-7.514943734234184
-7.668447940869477
-7.668447940869477
-7.90179924011436
-7.615103483857486
-7.5709838099691815
-7.0871518425947455
-7.010701207241032
-7.010701207241032
-7.161971514108298
-7.161971514108298
-6.901996466337649
-6.901996466337649
-7.25626666120967
-7.25626666120967
-7.551046164526485
-7.551046164526485
-7.723665122220322
-7.568086385425367
-7.3428050901419555
-6.750021755947049
-6.743339093871998
-6.853363073373398
-6.853363073373398
-7.039038372362053
-6.693635671315114
-6.533958023861098
-6.557777759816497
-6.2580245922744275
-6.043830787684886
-6.25675967453303
-5.4874690426683905
-5.4874690426683905
-5.36668899301273
-5.36668899301273
-5.36668899301273
-5.908776899357296
-5.777289526154488
-5.778312529213697
-5.778312529213697
-6.231736602642206
-6.355777905510192
-6.135413351667237
-6.612786037489607
-6.585422185643456
-6.585422185643456
-6.775750658570237
-6.985935906847401
-7.4971794441221595
-7.55856514796688
-7.351715140130164
-6.950665494904702
-6.367881567604848
-6.516798404442626
-6.978573400778006
-6.932560338957167
-6.900199015911297
-6.98374612028277
-6.94632947396318
-6.658839766787878
-6.658839766787878
-6.290793673985792
-6.180197847577883
-6.138765243810576
-6.138765243810576
-6.138765243810576
-6.325790658827303
-5.599335727393499
-5.599335727393499
-5.861767116266534
-5.960425516303234
-5.960425516303234
-5.960425516303234
-5.960425516303234
-6.045918525489523
-6.045918525489523
-6.045918525489523
-6.045918525489523
-6.065139359507385
-6.054163726372729
-6.2124514862969455
-6.437593490892241
-6.61977991960112
-6.858704990269635
-6.852251879060879
-7.009894305718162
-7.191812818633157
-7.926248837103301
-7.991801871885923
-8.210986146589407
-7.535574822795934
-7.525444888393768
-7.510128182999199
-7.743476229206482
-7.7783694614472925
-7.553215005444871
-6.939496484536775
-6.645374368806523
-6.148842572313514
-6.148842572313514
-6.358014181803959
-6.358014181803959
-6.62239815633788
-6.62239815633788
-6.445492576535352
-6.35614557611154
-6.457913547866442
-6.411720149051241
-6.196459083060418
-6.196459083060418
-6.025757188512327
-6.025757188512327
-6.396914352258042
-6.746014397255398
-6.535357190006994
-6.795580631747611
-7.335281900075822
-7.335281900075822
-6.566019613317943
-6.7038892499177765
-6.60249315362756
-6.677362486474818
-6.668468674495241
-6.39618439338649
-6.396652896584366
-6.167810239055012
-6.313860637336988
-6.313860637336988
-6.313860637336988
-6.486227237680783
-6.677803171551445
-6.869203709571853
-7.2419893788262835
-7.2419893788262835
-7.422946697667223
-7.525217577401745
-7.242436394673875